"","Ancestor","Clan"
"1","PreLACA","CL0539"
"2","PreLACA","CL0060"
"3","PreLACA","CL0012"
"4","PreLACA","PF00832"
"5","PreLACA","PF00926"
"6","PreLACA","PF00958"
"7","PreLACA","PF01172"
"8","PreLACA","CL0509"
"9","PreLACA","CL0229"
"10","PreLACA","PF01775"
"11","PreLACA","CL0639"
"12","PreLACA","PF01877"
"13","PreLACA","CL0734"
"14","PreLACA","CL0200"
"15","PreLACA","PF01984"
"16","PreLACA","PF01997"
"17","PreLACA","CL0747"
"18","PreLACA","CL0402"
"19","PreLACA","PF03833"
"20","PreLACA","PF04032"
"21","PreLACA","PF04312"
"22","PreLACA","PF04406"
"23","PreLACA","PF04457"
"24","PreLACA","PF04895"
"25","PreLACA","PF05559"
"26","PreLACA","CL0214"
"27","PreLACA","PF08069"
"28","PreLACA","PF08071"
"29","PreLACA","CL0668"
"30","PreLACA","PF09892"
"31","PreLACA","PF16897"
"32","PreLBCA","CL0465"
"33","PreLBCA","CL0318"
"34","PreLBCA","CL0220"
"35","PreLBCA","CL0090"
"36","PreLBCA","CL0056"
"37","PreLBCA","CL0027"
"38","PreLBCA","PF00079"
"39","PreLBCA","CL0714"
"40","PreLBCA","CL0037"
"41","PreLBCA","PF00183"
"42","PreLBCA","CL0255"
"43","PreLBCA","PF00221"
"44","PreLBCA","CL0193"
"45","PreLBCA","CL0290"
"46","PreLBCA","CL0293"
"47","PreLBCA","PF00460"
"48","PreLBCA","PF00468"
"49","PreLBCA","CL0713"
"50","PreLBCA","CL0357"
"51","PreLBCA","PF00521"
"52","PreLBCA","CL0459"
"53","PreLBCA","PF00547"
"54","PreLBCA","CL0314"
"55","PreLBCA","CL0203"
"56","PreLBCA","CL0066"
"57","PreLBCA","CL0241"
"58","PreLBCA","PF00691"
"59","PreLBCA","CL0323"
"60","PreLBCA","CL0055"
"61","PreLBCA","PF00817"
"62","PreLBCA","CL0374"
"63","PreLBCA","CL0077"
"64","PreLBCA","CL0633"
"65","PreLBCA","CL0169"
"66","PreLBCA","PF01139"
"67","PreLBCA","PF01149"
"68","PreLBCA","CL0727"
"69","PreLBCA","CL0082"
"70","PreLBCA","CL0401"
"71","PreLBCA","PF01337"
"72","PreLBCA","PF01346"
"73","PreLBCA","CL0359"
"74","PreLBCA","CL0170"
"75","PreLBCA","CL0244"
"76","PreLBCA","PF01510"
"77","PreLBCA","CL0228"
"78","PreLBCA","PF01618"
"79","PreLBCA","CL0670"
"80","PreLBCA","PF01668"
"81","PreLBCA","CL0269"
"82","PreLBCA","CL0502"
"83","PreLBCA","CL0481"
"84","PreLBCA","CL0283"
"85","PreLBCA","CL0084"
"86","PreLBCA","PF01894"
"87","PreLBCA","CL0499"
"88","PreLBCA","CL0273"
"89","PreLBCA","CL0572"
"90","PreLBCA","PF01967"
"91","PreLBCA","CL0424"
"92","PreLBCA","PF02245"
"93","PreLBCA","PF02397"
"94","PreLBCA","CL0298"
"95","PreLBCA","CL0348"
"96","PreLBCA","CL0597"
"97","PreLBCA","CL0349"
"98","PreLBCA","CL0251"
"99","PreLBCA","PF02508"
"100","PreLBCA","CL0627"
"101","PreLBCA","PF02609"
"102","PreLBCA","PF02610"
"103","PreLBCA","PF02623"
"104","PreLBCA","PF02625"
"105","PreLBCA","CL0245"
"106","PreLBCA","PF02660"
"107","PreLBCA","PF02698"
"108","PreLBCA","PF02706"
"109","PreLBCA","CL0165"
"110","PreLBCA","PF02773"
"111","PreLBCA","PF02861"
"112","PreLBCA","CL0738"
"113","PreLBCA","PF02875"
"114","PreLBCA","PF02906"
"115","PreLBCA","CL0174"
"116","PreLBCA","PF02911"
"117","PreLBCA","CL0517"
"118","PreLBCA","PF03116"
"119","PreLBCA","CL0331"
"120","PreLBCA","CL0697"
"121","PreLBCA","CL0559"
"122","PreLBCA","CL0320"
"123","PreLBCA","PF03454"
"124","PreLBCA","CL0048"
"125","PreLBCA","CL0749"
"126","PreLBCA","CL0580"
"127","PreLBCA","CL0430"
"128","PreLBCA","PF03705"
"129","PreLBCA","PF03717"
"130","PreLBCA","CL0116"
"131","PreLBCA","PF03726"
"132","PreLBCA","CL0342"
"133","PreLBCA","CL0373"
"134","PreLBCA","CL0645"
"135","PreLBCA","PF03900"
"136","PreLBCA","CL0259"
"137","PreLBCA","PF04020"
"138","PreLBCA","PF04073"
"139","PreLBCA","CL0710"
"140","PreLBCA","CL0131"
"141","PreLBCA","PF04226"
"142","PreLBCA","CL0631"
"143","PreLBCA","PF04277"
"144","PreLBCA","PF04295"
"145","PreLBCA","CL0500"
"146","PreLBCA","PF04341"
"147","PreLBCA","CL0414"
"148","PreLBCA","PF04404"
"149","PreLBCA","PF04422"
"150","PreLBCA","CL0201"
"151","PreLBCA","CL0504"
"152","PreLBCA","CL0307"
"153","PreLBCA","PF04738"
"154","PreLBCA","PF04860"
"155","PreLBCA","PF04972"
"156","PreLBCA","PF05076"
"157","PreLBCA","PF05107"
"158","PreLBCA","PF05154"
"159","PreLBCA","PF05157"
"160","PreLBCA","PF05190"
"161","PreLBCA","PF05198"
"162","PreLBCA","PF05199"
"163","PreLBCA","PF05231"
"164","PreLBCA","PF05235"
"165","PreLBCA","PF05552"
"166","PreLBCA","PF05635"
"167","PreLBCA","PF05683"
"168","PreLBCA","CL0262"
"169","PreLBCA","PF05866"
"170","PreLBCA","CL0570"
"171","PreLBCA","CL0097"
"172","PreLBCA","PF06210"
"173","PreLBCA","PF06386"
"174","PreLBCA","CL0470"
"175","PreLBCA","CL0528"
"176","PreLBCA","PF06803"
"177","PreLBCA","CL0691"
"178","PreLBCA","CL0191"
"179","PreLBCA","PF07043"
"180","PreLBCA","PF07179"
"181","PreLBCA","PF07238"
"182","PreLBCA","CL0526"
"183","PreLBCA","PF07452"
"184","PreLBCA","PF07581"
"185","PreLBCA","PF07593"
"186","PreLBCA","CL0301"
"187","PreLBCA","CL0388"
"188","PreLBCA","PF07784"
"189","PreLBCA","CL0496"
"190","PreLBCA","CL0515"
"191","PreLBCA","PF07929"
"192","PreLBCA","PF07963"
"193","PreLBCA","PF08002"
"194","PreLBCA","CL0748"
"195","PreLBCA","PF08331"
"196","PreLBCA","PF08346"
"197","PreLBCA","PF08376"
"198","PreLBCA","CL0604"
"199","PreLBCA","PF08719"
"200","PreLBCA","PF08797"
"201","PreLBCA","PF08811"
"202","PreLBCA","PF08867"
"203","PreLBCA","PF08906"
"204","PreLBCA","PF09365"
"205","PreLBCA","CL0578"
"206","PreLBCA","PF09509"
"207","PreLBCA","PF09527"
"208","PreLBCA","PF09678"
"209","PreLBCA","PF09720"
"210","PreLBCA","PF09864"
"211","PreLBCA","PF09907"
"212","PreLBCA","PF09925"
"213","PreLBCA","PF09951"
"214","PreLBCA","PF09956"
"215","PreLBCA","PF09992"
"216","PreLBCA","PF10077"
"217","PreLBCA","PF10099"
"218","PreLBCA","PF10442"
"219","PreLBCA","PF10588"
"220","PreLBCA","PF10592"
"221","PreLBCA","PF10593"
"222","PreLBCA","PF11042"
"223","PreLBCA","PF11127"
"224","PreLBCA","PF11185"
"225","PreLBCA","PF11188"
"226","PreLBCA","PF11199"
"227","PreLBCA","CL0650"
"228","PreLBCA","PF11617"
"229","PreLBCA","PF11750"
"230","PreLBCA","PF11845"
"231","PreLBCA","PF11863"
"232","PreLBCA","PF11899"
"233","PreLBCA","PF11954"
"234","PreLBCA","PF12158"
"235","PreLBCA","PF12439"
"236","PreLBCA","PF12476"
"237","PreLBCA","PF12535"
"238","PreLBCA","PF12996"
"239","PreLBCA","PF13007"
"240","PreLBCA","PF13282"
"241","PreLBCA","PF13376"
"242","PreLBCA","PF13396"
"243","PreLBCA","PF13438"
"244","PreLBCA","PF13475"
"245","PreLBCA","PF13644"
"246","PreLBCA","PF13682"
"247","PreLBCA","PF13700"
"248","PreLBCA","PF13739"
"249","PreLBCA","PF13787"
"250","PreLBCA","PF13807"
"251","PreLBCA","PF14014"
"252","PreLBCA","PF14022"
"253","PreLBCA","PF14088"
"254","PreLBCA","PF14103"
"255","PreLBCA","PF14106"
"256","PreLBCA","PF14206"
"257","PreLBCA","CL0673"
"258","PreLBCA","PF14319"
"259","PreLBCA","PF14393"
"260","PreLBCA","PF14903"
"261","PreLBCA","PF16116"
"262","PreLBCA","PF16483"
"263","PreLBCA","PF16861"
"264","PreLBCA","PF17101"
"265","PreLBCA","PF17253"
"266","PreLBCA","PF17284"
"267","PreLBCA","PF17660"
"268","PreLBCA","CL0682"
"269","PreLBCA","PF17944"
"270","PreLBCA","PF18145"
"271","PreLBCA","PF18146"
"272","PreLBCA","PF18928"
"273","PreLBCA","PF19269"
"274","PreLBCA","PF19459"
"275","PreLBCA","PF20106"
"276","PreLBCA","PF20118"
"277","PreLBCA","PF20148"
"278","PreLBCA","PF20155"
"279","PreLBCA","PF20208"
"280","PreLBCA","PF20247"
"281","PreLBCA","PF20461"
"282","PreLBCA","PF20466"
"283","LACA","PF00162"
"284","LACA","PF00237"
"285","LACA","PF00238"
"286","LACA","PF00338"
"287","LACA","CL0376"
"288","LACA","CL0065"
"289","LACA","PF00428"
"290","LACA","PF00482"
"291","LACA","PF00507"
"292","LACA","PF00687"
"293","LACA","PF00736"
"294","LACA","CL0588"
"295","LACA","PF00833"
"296","LACA","PF00902"
"297","LACA","PF01015"
"298","LACA","PF01092"
"299","LACA","PF01194"
"300","LACA","PF01198"
"301","LACA","PF01199"
"302","LACA","PF01201"
"303","LACA","PF01280"
"304","LACA","PF01282"
"305","LACA","CL0733"
"306","LACA","PF01624"
"307","LACA","PF01655"
"308","LACA","PF01849"
"309","LACA","PF01866"
"310","LACA","PF01886"
"311","LACA","PF01913"
"312","LACA","CL0601"
"313","LACA","PF01940"
"314","LACA","PF01970"
"315","LACA","PF01976"
"316","LACA","PF01988"
"317","LACA","PF01996"
"318","LACA","PF01998"
"319","LACA","PF02613"
"320","LACA","PF02680"
"321","LACA","PF02741"
"322","LACA","CL0476"
"323","LACA","PF03685"
"324","LACA","PF03725"
"325","LACA","PF03911"
"326","LACA","PF04008"
"327","LACA","PF04010"
"328","LACA","PF04019"
"329","LACA","CL0242"
"330","LACA","PF04123"
"331","LACA","PF04135"
"332","LACA","PF04242"
"333","LACA","PF04423"
"334","LACA","PF04565"
"335","LACA","PF04566"
"336","LACA","PF04567"
"337","LACA","PF04894"
"338","LACA","PF04981"
"339","LACA","PF05000"
"340","LACA","PF05123"
"341","LACA","PF05916"
"342","LACA","PF06195"
"343","LACA","PF06253"
"344","LACA","PF06348"
"345","LACA","PF07541"
"346","LACA","PF07760"
"347","LACA","PF08915"
"348","LACA","PF09180"
"349","LACA","PF09249"
"350","LACA","PF09579"
"351","LACA","PF09843"
"352","LACA","PF09853"
"353","LACA","PF09910"
"354","LACA","PF09946"
"355","LACA","PF09948"
"356","LACA","PF09999"
"357","LACA","PF10015"
"358","LACA","PF10120"
"359","LACA","PF10133"
"360","LACA","PF10559"
"361","LACA","PF11419"
"362","LACA","PF11760"
"363","LACA","CL0442"
"364","LACA","PF13938"
"365","LACA","PF14251"
"366","LACA","PF14551"
"367","LACA","PF14601"
"368","LACA","PF17231"
"369","LACA","PF17777"
"370","LACA","PF17884"
"371","LACA","PF18195"
"372","LACA","PF18551"
"373","LACA","PF18754"
"374","LACA","PF18862"
"375","LACA","PF18898"
"376","LACA","PF19538"
"377","LBCA","PF00015"
"378","LBCA","PF00032"
"379","LBCA","CL0196"
"380","LBCA","CL0497"
"381","LBCA","PF00045"
"382","LBCA","CL0005"
"383","LBCA","PF00080"
"384","LBCA","PF00137"
"385","LBCA","PF00140"
"386","LBCA","CL0617"
"387","LBCA","PF00173"
"388","LBCA","PF00194"
"389","LBCA","PF00199"
"390","LBCA","CL0548"
"391","LBCA","PF00231"
"392","LBCA","PF00263"
"393","LBCA","CL0205"
"394","LBCA","PF00276"
"395","LBCA","PF00298"
"396","LBCA","PF00303"
"397","LBCA","PF00317"
"398","LBCA","PF00351"
"399","LBCA","CL0340"
"400","LBCA","PF00375"
"401","LBCA","PF00381"
"402","LBCA","PF00395"
"403","LBCA","PF00408"
"404","LBCA","PF00425"
"405","LBCA","PF00444"
"406","LBCA","CL0337"
"407","LBCA","PF00499"
"408","LBCA","PF00542"
"409","LBCA","PF00545"
"410","LBCA","PF00571"
"411","LBCA","PF00669"
"412","LBCA","PF00699"
"413","LBCA","PF00700"
"414","LBCA","PF00710"
"415","LBCA","PF00741"
"416","LBCA","PF00746"
"417","LBCA","PF00771"
"418","LBCA","PF00772"
"419","LBCA","PF00830"
"420","LBCA","CL0346"
"421","LBCA","CL0081"
"422","LBCA","PF00886"
"423","LBCA","PF00889"
"424","LBCA","PF00925"
"425","LBCA","PF00936"
"426","LBCA","PF00953"
"427","LBCA","PF01010"
"428","LBCA","PF01018"
"429","LBCA","CL0453"
"430","LBCA","PF01043"
"431","LBCA","PF01052"
"432","LBCA","PF01059"
"433","LBCA","PF01062"
"434","LBCA","PF01063"
"435","LBCA","PF01136"
"436","LBCA","CL0234"
"437","LBCA","PF01165"
"438","LBCA","PF01196"
"439","LBCA","CL0758"
"440","LBCA","PF01250"
"441","LBCA","PF01252"
"442","LBCA","PF01255"
"443","LBCA","PF01281"
"444","LBCA","PF01288"
"445","LBCA","PF01312"
"446","LBCA","PF01313"
"447","LBCA","PF01327"
"448","LBCA","PF01341"
"449","LBCA","PF01424"
"450","LBCA","PF01455"
"451","LBCA","PF01458"
"452","LBCA","CL0187"
"453","LBCA","PF01496"
"454","LBCA","PF01502"
"455","LBCA","CL0289"
"456","LBCA","PF01584"
"457","LBCA","PF01595"
"458","LBCA","PF01632"
"459","LBCA","PF01649"
"460","LBCA","PF01654"
"461","LBCA","PF01679"
"462","LBCA","CL0436"
"463","LBCA","PF01709"
"464","LBCA","PF01722"
"465","LBCA","PF01730"
"466","LBCA","PF01765"
"467","LBCA","PF01773"
"468","LBCA","PF01774"
"469","LBCA","CL0619"
"470","LBCA","PF01790"
"471","LBCA","PF01809"
"472","LBCA","PF01813"
"473","LBCA","PF01814"
"474","LBCA","PF01871"
"475","LBCA","PF01887"
"476","LBCA","PF01888"
"477","LBCA","PF01899"
"478","LBCA","CL0522"
"479","LBCA","CL0360"
"480","LBCA","PF01915"
"481","LBCA","CL0441"
"482","LBCA","PF01924"
"483","LBCA","PF01937"
"484","LBCA","PF01969"
"485","LBCA","PF01975"
"486","LBCA","CL0305"
"487","LBCA","PF02026"
"488","LBCA","CL0494"
"489","LBCA","CL0419"
"490","LBCA","PF02073"
"491","LBCA","CL0355"
"492","LBCA","PF02256"
"493","LBCA","PF02277"
"494","LBCA","PF02322"
"495","LBCA","PF02325"
"496","LBCA","CL0439"
"497","LBCA","PF02391"
"498","LBCA","PF02401"
"499","LBCA","PF02405"
"500","LBCA","PF02411"
"501","LBCA","PF02416"
"502","LBCA","PF02424"
"503","LBCA","PF02445"
"504","LBCA","PF02457"
"505","LBCA","PF02464"
"506","LBCA","PF02465"
"507","LBCA","PF02472"
"508","LBCA","PF02498"
"509","LBCA","PF02514"
"510","LBCA","PF02538"
"511","LBCA","PF02542"
"512","LBCA","PF02547"
"513","LBCA","PF02553"
"514","LBCA","PF02563"
"515","LBCA","CL0717"
"516","LBCA","PF02576"
"517","LBCA","CL0663"
"518","LBCA","PF02579"
"519","LBCA","PF02580"
"520","LBCA","PF02582"
"521","LBCA","PF02595"
"522","LBCA","PF02596"
"523","LBCA","PF02599"
"524","LBCA","PF02600"
"525","LBCA","PF02601"
"526","LBCA","CL0365"
"527","LBCA","PF02615"
"528","LBCA","PF02617"
"529","LBCA","PF02618"
"530","LBCA","PF02620"
"531","LBCA","PF02622"
"532","LBCA","PF02624"
"533","LBCA","PF02631"
"534","LBCA","PF02654"
"535","LBCA","PF02656"
"536","LBCA","PF02666"
"537","LBCA","PF02669"
"538","LBCA","CL0735"
"539","LBCA","PF02690"
"540","LBCA","PF02696"
"541","LBCA","PF02699"
"542","LBCA","PF02734"
"543","LBCA","CL0616"
"544","LBCA","PF02772"
"545","LBCA","PF02805"
"546","LBCA","PF02810"
"547","LBCA","PF02814"
"548","LBCA","PF02823"
"549","LBCA","PF02833"
"550","LBCA","CL0535"
"551","LBCA","PF02872"
"552","LBCA","PF02873"
"553","LBCA","PF02884"
"554","LBCA","PF02965"
"555","LBCA","PF03073"
"556","LBCA","PF03119"
"557","LBCA","PF03135"
"558","LBCA","PF03147"
"559","LBCA","PF03167"
"560","LBCA","PF03253"
"561","LBCA","PF03334"
"562","LBCA","PF03350"
"563","LBCA","PF03374"
"564","LBCA","CL0576"
"565","LBCA","PF03441"
"566","LBCA","PF03449"
"567","LBCA","PF03458"
"568","LBCA","PF03461"
"569","LBCA","PF03462"
"570","LBCA","PF03471"
"571","LBCA","PF03475"
"572","LBCA","PF03476"
"573","LBCA","PF03534"
"574","LBCA","CL0428"
"575","LBCA","PF03592"
"576","LBCA","PF03595"
"577","LBCA","PF03609"
"578","LBCA","PF03611"
"579","LBCA","PF03625"
"580","LBCA","PF03626"
"581","LBCA","PF03631"
"582","LBCA","PF03640"
"583","LBCA","PF03649"
"584","LBCA","PF03682"
"585","LBCA","PF03691"
"586","LBCA","PF03729"
"587","LBCA","PF03733"
"588","LBCA","CL0508"
"589","LBCA","PF03743"
"590","LBCA","PF03745"
"591","LBCA","PF03748"
"592","LBCA","PF03750"
"593","LBCA","PF03755"
"594","LBCA","PF03772"
"595","LBCA","PF03779"
"596","LBCA","PF03788"
"597","LBCA","PF03793"
"598","LBCA","PF03799"
"599","LBCA","PF03830"
"600","LBCA","PF03837"
"601","LBCA","PF03840"
"602","LBCA","PF03860"
"603","LBCA","CL0771"
"604","LBCA","PF03891"
"605","LBCA","CL0490"
"606","LBCA","PF03938"
"607","LBCA","PF03948"
"608","LBCA","PF03951"
"609","LBCA","PF03958"
"610","LBCA","PF03988"
"611","LBCA","PF03994"
"612","LBCA","PF04011"
"613","LBCA","PF04018"
"614","LBCA","PF04026"
"615","LBCA","PF04039"
"616","LBCA","PF04066"
"617","LBCA","PF04070"
"618","LBCA","PF04120"
"619","LBCA","PF04134"
"620","LBCA","PF04168"
"621","LBCA","PF04203"
"622","LBCA","PF04205"
"623","LBCA","PF04216"
"624","LBCA","PF04233"
"625","LBCA","PF04238"
"626","LBCA","PF04239"
"627","LBCA","PF04245"
"628","LBCA","PF04246"
"629","LBCA","PF04264"
"630","LBCA","PF04265"
"631","LBCA","PF04286"
"632","LBCA","PF04290"
"633","LBCA","PF04293"
"634","LBCA","PF04296"
"635","LBCA","PF04304"
"636","LBCA","PF04336"
"637","LBCA","PF04347"
"638","LBCA","PF04366"
"639","LBCA","PF04367"
"640","LBCA","PF04384"
"641","LBCA","PF04465"
"642","LBCA","PF04474"
"643","LBCA","PF04551"
"644","LBCA","PF04577"
"645","LBCA","PF04608"
"646","LBCA","CL0698"
"647","LBCA","PF04675"
"648","LBCA","PF04773"
"649","LBCA","PF04784"
"650","LBCA","CL0690"
"651","LBCA","CL0763"
"652","LBCA","PF04973"
"653","LBCA","CL0225"
"654","LBCA","PF05019"
"655","LBCA","PF05035"
"656","LBCA","PF05037"
"657","LBCA","PF05045"
"658","LBCA","PF05090"
"659","LBCA","PF05105"
"660","LBCA","PF05117"
"661","LBCA","PF05119"
"662","LBCA","PF05121"
"663","LBCA","PF05128"
"664","LBCA","PF05130"
"665","LBCA","CL0643"
"666","LBCA","PF05136"
"667","LBCA","PF05140"
"668","LBCA","PF05141"
"669","LBCA","CL0312"
"670","LBCA","PF05188"
"671","LBCA","PF05192"
"672","LBCA","PF05194"
"673","LBCA","PF05226"
"674","LBCA","PF05360"
"675","LBCA","PF05488"
"676","LBCA","PF05524"
"677","LBCA","CL0406"
"678","LBCA","PF05591"
"679","LBCA","PF05610"
"680","LBCA","PF05649"
"681","LBCA","PF05656"
"682","LBCA","PF05661"
"683","LBCA","CL0684"
"684","LBCA","PF05681"
"685","LBCA","PF05717"
"686","LBCA","PF05731"
"687","LBCA","PF05816"
"688","LBCA","PF05869"
"689","LBCA","PF05936"
"690","LBCA","PF05985"
"691","LBCA","PF06032"
"692","LBCA","PF06055"
"693","LBCA","PF06067"
"694","LBCA","PF06074"
"695","LBCA","PF06127"
"696","LBCA","PF06150"
"697","LBCA","PF06155"
"698","LBCA","PF06161"
"699","LBCA","PF06170"
"700","LBCA","PF06181"
"701","LBCA","PF06243"
"702","LBCA","PF06252"
"703","LBCA","PF06276"
"704","LBCA","PF06289"
"705","LBCA","PF06415"
"706","LBCA","PF06426"
"707","LBCA","PF06429"
"708","LBCA","CL0154"
"709","LBCA","PF06470"
"710","LBCA","PF06480"
"711","LBCA","PF06496"
"712","LBCA","PF06527"
"713","LBCA","PF06541"
"714","LBCA","PF06580"
"715","LBCA","PF06628"
"716","LBCA","PF06718"
"717","LBCA","PF06736"
"718","LBCA","PF06750"
"719","LBCA","PF06772"
"720","LBCA","PF06792"
"721","LBCA","PF06798"
"722","LBCA","PF06848"
"723","LBCA","PF06877"
"724","LBCA","PF06889"
"725","LBCA","PF06945"
"726","LBCA","PF06961"
"727","LBCA","PF06968"
"728","LBCA","PF06974"
"729","LBCA","CL0447"
"730","LBCA","PF07005"
"731","LBCA","PF07009"
"732","LBCA","PF07030"
"733","LBCA","PF07040"
"734","LBCA","CL0135"
"735","LBCA","PF07077"
"736","LBCA","PF07087"
"737","LBCA","PF07098"
"738","LBCA","PF07099"
"739","LBCA","PF07100"
"740","LBCA","PF07103"
"741","LBCA","PF07166"
"742","LBCA","PF07171"
"743","LBCA","PF07195"
"744","LBCA","PF07196"
"745","LBCA","CL0766"
"746","LBCA","PF07274"
"747","LBCA","PF07275"
"748","LBCA","PF07285"
"749","LBCA","PF07287"
"750","LBCA","PF07331"
"751","LBCA","PF07332"
"752","LBCA","PF07336"
"753","LBCA","PF07352"
"754","LBCA","PF07364"
"755","LBCA","PF07382"
"756","LBCA","CL0545"
"757","LBCA","PF07411"
"758","LBCA","PF07460"
"759","LBCA","PF07477"
"760","LBCA","PF07484"
"761","LBCA","PF07486"
"762","LBCA","CL0306"
"763","LBCA","PF07503"
"764","LBCA","PF07538"
"765","LBCA","PF07549"
"766","LBCA","PF07556"
"767","LBCA","PF07559"
"768","LBCA","PF07583"
"769","LBCA","PF07584"
"770","LBCA","PF07587"
"771","LBCA","PF07589"
"772","LBCA","PF07626"
"773","LBCA","PF07662"
"774","LBCA","PF07683"
"775","LBCA","PF07697"
"776","LBCA","PF07739"
"777","LBCA","PF07751"
"778","LBCA","PF07799"
"779","LBCA","PF07843"
"780","LBCA","PF07862"
"781","LBCA","PF07927"
"782","LBCA","PF07947"
"783","LBCA","PF07949"
"784","LBCA","PF08019"
"785","LBCA","CL0421"
"786","LBCA","PF08328"
"787","LBCA","PF08338"
"788","LBCA","PF08340"
"789","LBCA","PF08345"
"790","LBCA","PF08379"
"791","LBCA","CL0700"
"792","LBCA","PF08439"
"793","LBCA","PF08455"
"794","LBCA","PF08471"
"795","LBCA","PF08482"
"796","LBCA","PF08486"
"797","LBCA","PF08495"
"798","LBCA","PF08497"
"799","LBCA","PF08570"
"800","LBCA","PF08676"
"801","LBCA","PF08706"
"802","LBCA","PF08747"
"803","LBCA","PF08821"
"804","LBCA","PF08837"
"805","LBCA","PF08845"
"806","LBCA","CL0654"
"807","LBCA","PF08869"
"808","LBCA","PF08874"
"809","LBCA","PF08878"
"810","LBCA","PF08889"
"811","LBCA","PF08899"
"812","LBCA","PF08901"
"813","LBCA","PF08902"
"814","LBCA","PF08928"
"815","LBCA","PF08929"
"816","LBCA","PF08974"
"817","LBCA","PF08984"
"818","LBCA","PF09055"
"819","LBCA","CL0524"
"820","LBCA","PF09204"
"821","LBCA","PF09234"
"822","LBCA","PF09298"
"823","LBCA","PF09299"
"824","LBCA","PF09323"
"825","LBCA","PF09347"
"826","LBCA","PF09348"
"827","LBCA","PF09349"
"828","LBCA","PF09350"
"829","LBCA","PF09369"
"830","LBCA","PF09371"
"831","LBCA","PF09375"
"832","LBCA","PF09484"
"833","LBCA","PF09485"
"834","LBCA","PF09601"
"835","LBCA","PF09604"
"836","LBCA","PF09617"
"837","LBCA","PF09643"
"838","LBCA","PF09656"
"839","LBCA","PF09669"
"840","LBCA","PF09684"
"841","LBCA","PF09701"
"842","LBCA","PF09709"
"843","LBCA","PF09722"
"844","LBCA","PF09828"
"845","LBCA","PF09835"
"846","LBCA","PF09903"
"847","LBCA","PF09905"
"848","LBCA","PF09918"
"849","LBCA","PF09935"
"850","LBCA","PF09945"
"851","LBCA","PF09954"
"852","LBCA","PF09965"
"853","LBCA","PF09966"
"854","LBCA","PF09969"
"855","LBCA","PF09991"
"856","LBCA","PF09996"
"857","LBCA","PF09997"
"858","LBCA","PF10002"
"859","LBCA","PF10020"
"860","LBCA","PF10025"
"861","LBCA","PF10042"
"862","LBCA","PF10050"
"863","LBCA","PF10056"
"864","LBCA","PF10067"
"865","LBCA","PF10070"
"866","LBCA","PF10071"
"867","LBCA","PF10097"
"868","LBCA","PF10110"
"869","LBCA","PF10135"
"870","LBCA","PF10145"
"871","LBCA","PF10370"
"872","LBCA","PF10371"
"873","LBCA","PF10385"
"874","LBCA","PF10387"
"875","LBCA","PF10410"
"876","LBCA","PF10555"
"877","LBCA","PF10576"
"878","LBCA","PF10589"
"879","LBCA","PF10590"
"880","LBCA","CL0385"
"881","LBCA","PF10719"
"882","LBCA","CL0347"
"883","LBCA","PF10861"
"884","LBCA","PF10987"
"885","LBCA","PF10990"
"886","LBCA","PF11026"
"887","LBCA","PF11075"
"888","LBCA","PF11146"
"889","LBCA","PF11154"
"890","LBCA","PF11159"
"891","LBCA","PF11162"
"892","LBCA","PF11171"
"893","LBCA","PF11196"
"894","LBCA","PF11236"
"895","LBCA","PF11259"
"896","LBCA","PF11369"
"897","LBCA","PF11376"
"898","LBCA","PF11380"
"899","LBCA","PF11381"
"900","LBCA","PF11534"
"901","LBCA","PF11535"
"902","LBCA","PF11655"
"903","LBCA","PF11697"
"904","LBCA","PF11738"
"905","LBCA","PF11753"
"906","LBCA","PF11756"
"907","LBCA","PF11761"
"908","LBCA","PF11784"
"909","LBCA","PF11795"
"910","LBCA","PF11818"
"911","LBCA","PF11821"
"912","LBCA","PF11832"
"913","LBCA","PF11855"
"914","LBCA","PF11860"
"915","LBCA","PF11897"
"916","LBCA","PF11907"
"917","LBCA","PF11918"
"918","LBCA","PF11922"
"919","LBCA","PF11927"
"920","LBCA","PF11950"
"921","LBCA","PF11959"
"922","LBCA","PF11965"
"923","LBCA","PF11999"
"924","LBCA","PF12006"
"925","LBCA","PF12008"
"926","LBCA","PF12034"
"927","LBCA","PF12055"
"928","LBCA","PF12072"
"929","LBCA","PF12098"
"930","LBCA","PF12102"
"931","LBCA","PF12244"
"932","LBCA","PF12255"
"933","LBCA","PF12277"
"934","LBCA","PF12294"
"935","LBCA","PF12345"
"936","LBCA","PF12390"
"937","LBCA","PF12391"
"938","LBCA","PF12392"
"939","LBCA","PF12412"
"940","LBCA","PF12418"
"941","LBCA","PF12437"
"942","LBCA","PF12450"
"943","LBCA","PF12483"
"944","LBCA","PF12532"
"945","LBCA","PF12544"
"946","LBCA","PF12564"
"947","LBCA","PF12625"
"948","LBCA","PF12627"
"949","LBCA","PF12631"
"950","LBCA","PF12637"
"951","LBCA","PF12647"
"952","LBCA","PF12654"
"953","LBCA","PF12663"
"954","LBCA","PF12669"
"955","LBCA","PF12674"
"956","LBCA","PF12732"
"957","LBCA","PF12769"
"958","LBCA","PF12779"
"959","LBCA","PF12787"
"960","LBCA","PF12806"
"961","LBCA","PF12843"
"962","LBCA","PF12972"
"963","LBCA","PF13021"
"964","LBCA","PF13030"
"965","LBCA","PF13148"
"966","LBCA","PF13190"
"967","LBCA","PF13197"
"968","LBCA","PF13208"
"969","LBCA","PF13226"
"970","LBCA","PF13228"
"971","LBCA","PF13239"
"972","LBCA","PF13244"
"973","LBCA","PF13274"
"974","LBCA","PF13286"
"975","LBCA","PF13308"
"976","LBCA","PF13311"
"977","LBCA","PF13340"
"978","LBCA","PF13368"
"979","LBCA","PF13387"
"980","LBCA","PF13399"
"981","LBCA","PF13430"
"982","LBCA","PF13448"
"983","LBCA","PF13464"
"984","LBCA","PF13491"
"985","LBCA","PF13493"
"986","LBCA","PF13548"
"987","LBCA","PF13559"
"988","LBCA","PF13567"
"989","LBCA","PF13569"
"990","LBCA","PF13618"
"991","LBCA","PF13619"
"992","LBCA","PF13651"
"993","LBCA","PF13655"
"994","LBCA","PF13657"
"995","LBCA","PF13660"
"996","LBCA","PF13675"
"997","LBCA","PF13677"
"998","LBCA","PF13687"
"999","LBCA","PF13707"
"1000","LBCA","PF13711"
"1001","LBCA","PF13722"
"1002","LBCA","CL0669"
"1003","LBCA","PF13776"
"1004","LBCA","PF13783"
"1005","LBCA","PF13784"
"1006","LBCA","PF13785"
"1007","LBCA","PF13788"
"1008","LBCA","PF13808"
"1009","LBCA","PF13817"
"1010","LBCA","PF13828"
"1011","LBCA","PF13852"
"1012","LBCA","PF13858"
"1013","LBCA","PF13884"
"1014","LBCA","PF13910"
"1015","LBCA","PF13946"
"1016","LBCA","CL0676"
"1017","LBCA","PF14020"
"1018","LBCA","PF14024"
"1019","LBCA","PF14025"
"1020","LBCA","PF14028"
"1021","LBCA","PF14057"
"1022","LBCA","PF14062"
"1023","LBCA","PF14065"
"1024","LBCA","PF14066"
"1025","LBCA","PF14070"
"1026","LBCA","PF14072"
"1027","LBCA","PF14080"
"1028","LBCA","PF14081"
"1029","LBCA","PF14087"
"1030","LBCA","PF14094"
"1031","LBCA","PF14096"
"1032","LBCA","PF14100"
"1033","LBCA","PF14104"
"1034","LBCA","PF14110"
"1035","LBCA","PF14112"
"1036","LBCA","PF14117"
"1037","LBCA","PF14119"
"1038","LBCA","PF14124"
"1039","LBCA","PF14130"
"1040","LBCA","PF14131"
"1041","LBCA","PF14136"
"1042","LBCA","PF14137"
"1043","LBCA","PF14175"
"1044","LBCA","PF14219"
"1045","LBCA","PF14220"
"1046","LBCA","PF14224"
"1047","LBCA","PF14231"
"1048","LBCA","PF14235"
"1049","LBCA","PF14236"
"1050","LBCA","PF14238"
"1051","LBCA","PF14240"
"1052","LBCA","PF14242"
"1053","LBCA","PF14248"
"1054","LBCA","PF14253"
"1055","LBCA","PF14256"
"1056","LBCA","PF14267"
"1057","LBCA","PF14268"
"1058","LBCA","PF14280"
"1059","LBCA","PF14284"
"1060","LBCA","PF14300"
"1061","LBCA","PF14316"
"1062","LBCA","PF14326"
"1063","LBCA","PF14328"
"1064","LBCA","PF14332"
"1065","LBCA","PF14335"
"1066","LBCA","PF14340"
"1067","LBCA","PF14342"
"1068","LBCA","PF14343"
"1069","LBCA","PF14345"
"1070","LBCA","PF14350"
"1071","LBCA","PF14351"
"1072","LBCA","PF14355"
"1073","LBCA","PF14362"
"1074","LBCA","PF14373"
"1075","LBCA","PF14401"
"1076","LBCA","PF14413"
"1077","LBCA","CL0695"
"1078","LBCA","PF14449"
"1079","LBCA","CL0208"
"1080","LBCA","PF14491"
"1081","LBCA","PF14684"
"1082","LBCA","PF14693"
"1083","LBCA","PF14698"
"1084","LBCA","PF14706"
"1085","LBCA","PF14720"
"1086","LBCA","PF14791"
"1087","LBCA","PF14805"
"1088","LBCA","CL0664"
"1089","LBCA","PF14824"
"1090","LBCA","PF15428"
"1091","LBCA","PF15461"
"1092","LBCA","PF15575"
"1093","LBCA","PF15580"
"1094","LBCA","PF15594"
"1095","LBCA","PF15595"
"1096","LBCA","PF15607"
"1097","LBCA","PF15975"
"1098","LBCA","PF16078"
"1099","LBCA","PF16095"
"1100","LBCA","PF16124"
"1101","LBCA","PF16153"
"1102","LBCA","PF16162"
"1103","LBCA","PF16173"
"1104","LBCA","PF16188"
"1105","LBCA","PF16216"
"1106","LBCA","PF16286"
"1107","LBCA","PF16316"
"1108","LBCA","PF16375"
"1109","LBCA","PF16491"
"1110","LBCA","CL0693"
"1111","LBCA","PF16694"
"1112","LBCA","PF16702"
"1113","LBCA","PF16872"
"1114","LBCA","PF16881"
"1115","LBCA","PF16886"
"1116","LBCA","PF17042"
"1117","LBCA","PF17132"
"1118","LBCA","PF17291"
"1119","LBCA","PF17319"
"1120","LBCA","PF17391"
"1121","LBCA","PF17392"
"1122","LBCA","PF17653"
"1123","LBCA","PF17763"
"1124","LBCA","PF17770"
"1125","LBCA","PF17810"
"1126","LBCA","PF17827"
"1127","LBCA","PF17956"
"1128","LBCA","PF17975"
"1129","LBCA","PF18027"
"1130","LBCA","PF18083"
"1131","LBCA","PF18134"
"1132","LBCA","PF18153"
"1133","LBCA","PF18211"
"1134","LBCA","PF18269"
"1135","LBCA","PF18318"
"1136","LBCA","PF18324"
"1137","LBCA","PF18406"
"1138","LBCA","PF18417"
"1139","LBCA","PF18431"
"1140","LBCA","PF18537"
"1141","LBCA","PF18541"
"1142","LBCA","PF18563"
"1143","LBCA","PF18796"
"1144","LBCA","CL0688"
"1145","LBCA","PF18863"
"1146","LBCA","PF18864"
"1147","LBCA","PF18885"
"1148","LBCA","PF18888"
"1149","LBCA","PF18905"
"1150","LBCA","PF18906"
"1151","LBCA","PF18907"
"1152","LBCA","PF18910"
"1153","LBCA","PF18913"
"1154","LBCA","PF18916"
"1155","LBCA","PF18917"
"1156","LBCA","PF18920"
"1157","LBCA","PF18922"
"1158","LBCA","PF18934"
"1159","LBCA","PF18936"
"1160","LBCA","PF18950"
"1161","LBCA","PF18967"
"1162","LBCA","PF18991"
"1163","LBCA","PF19266"
"1164","LBCA","PF19288"
"1165","LBCA","PF19291"
"1166","LBCA","PF19293"
"1167","LBCA","PF19295"
"1168","LBCA","PF19302"
"1169","LBCA","PF19306"
"1170","LBCA","PF19310"
"1171","LBCA","PF19371"
"1172","LBCA","PF19458"
"1173","LBCA","PF19473"
"1174","LBCA","PF19474"
"1175","LBCA","PF19527"
"1176","LBCA","PF19528"
"1177","LBCA","PF19588"
"1178","LBCA","PF19614"
"1179","LBCA","PF19654"
"1180","LBCA","PF19671"
"1181","LBCA","PF19744"
"1182","LBCA","PF19762"
"1183","LBCA","PF19777"
"1184","LBCA","PF19780"
"1185","LBCA","PF19788"
"1186","LBCA","PF19815"
"1187","LBCA","PF19834"
"1188","LBCA","PF19851"
"1189","LBCA","PF19865"
"1190","LBCA","PF19872"
"1191","LBCA","PF19888"
"1192","LBCA","CL0041"
"1193","LBCA","PF20008"
"1194","LBCA","PF20009"
"1195","LBCA","PF20042"
"1196","LBCA","PF20095"
"1197","LBCA","PF20102"
"1198","LBCA","PF20114"
"1199","LBCA","PF20116"
"1200","LBCA","PF20125"
"1201","LBCA","PF20126"
"1202","LBCA","PF20131"
"1203","LBCA","PF20138"
"1204","LBCA","PF20154"
"1205","LBCA","PF20213"
"1206","LBCA","PF20220"
"1207","LBCA","PF20239"
"1208","LBCA","PF20240"
"1209","LBCA","PF20242"
"1210","LBCA","PF20243"
"1211","LBCA","PF20245"
"1212","LBCA","PF20248"
"1213","LBCA","PF20250"
"1214","LBCA","PF20254"
"1215","LBCA","PF20329"
"1216","LBCA","PF20383"
"1217","LBCA","PF20393"
"1218","LBCA","PF20437"
"1219","LBCA","PF20442"
"1220","LBCA","PF20464"
"1221","LBCA","PF20465"
"1222","LBCA","PF20467"
"1223","LBCA","PF20501"
"1224","LBCA","PF20560"
"1225","LBCA","PF20586"
"1226","LBCA","PF20589"
"1227","LBCA","PF20597"
"1228","LBCA","PF20603"
"1229","LBCA","PF20604"
"1230","LBCA","PF20620"
"1231","modern Archaea","PF00189"
"1232","modern Archaea","PF01191"
"1233","modern Archaea","PF01283"
"1234","modern Archaea","PF01629"
"1235","modern Archaea","PF01798"
"1236","modern Archaea","PF01889"
"1237","modern Archaea","PF01993"
"1238","modern Archaea","PF01995"
"1239","modern Archaea","CL0618"
"1240","modern Archaea","PF02241"
"1241","modern Archaea","PF02249"
"1242","modern Archaea","PF02289"
"1243","modern Archaea","PF02505"
"1244","modern Archaea","PF02676"
"1245","modern Archaea","CL0618"
"1246","modern Archaea","CL0618"
"1247","modern Archaea","PF02889"
"1248","modern Archaea","PF03684"
"1249","modern Archaea","PF04009"
"1250","modern Archaea","PF04038"
"1251","modern Archaea","PF04206"
"1252","modern Archaea","PF04207"
"1253","modern Archaea","PF04210"
"1254","modern Archaea","PF04211"
"1255","modern Archaea","PF04254"
"1256","modern Archaea","PF04283"
"1257","modern Archaea","PF04322"
"1258","modern Archaea","PF04415"
"1259","modern Archaea","PF04475"
"1260","modern Archaea","PF04609"
"1261","modern Archaea","PF04659"
"1262","modern Archaea","PF04998"
"1263","modern Archaea","PF05317"
"1264","modern Archaea","PF05377"
"1265","modern Archaea","PF05440"
"1266","modern Archaea","PF05727"
"1267","modern Archaea","PF05854"
"1268","modern Archaea","PF06157"
"1269","modern Archaea","PF06510"
"1270","modern Archaea","PF06675"
"1271","modern Archaea","PF06777"
"1272","modern Archaea","PF06819"
"1273","modern Archaea","PF06847"
"1274","modern Archaea","PF06939"
"1275","modern Archaea","PF07185"
"1276","modern Archaea","PF07431"
"1277","modern Archaea","PF07747"
"1278","modern Archaea","PF07752"
"1279","modern Archaea","PF07775"
"1280","modern Archaea","PF07790"
"1281","modern Archaea","PF07895"
"1282","modern Archaea","PF07935"
"1283","modern Archaea","PF08004"
"1284","modern Archaea","PF08350"
"1285","modern Archaea","PF08617"
"1286","modern Archaea","PF08735"
"1287","modern Archaea","PF08827"
"1288","modern Archaea","PF08979"
"1289","modern Archaea","PF09001"
"1290","modern Archaea","PF09082"
"1291","modern Archaea","PF09171"
"1292","modern Archaea","PF09341"
"1293","modern Archaea","PF09373"
"1294","modern Archaea","PF09472"
"1295","modern Archaea","PF09505"
"1296","modern Archaea","PF09840"
"1297","modern Archaea","PF09846"
"1298","modern Archaea","PF09870"
"1299","modern Archaea","PF09871"
"1300","modern Archaea","PF09872"
"1301","modern Archaea","PF09874"
"1302","modern Archaea","PF09875"
"1303","modern Archaea","PF09882"
"1304","modern Archaea","PF09885"
"1305","modern Archaea","PF09886"
"1306","modern Archaea","PF09887"
"1307","modern Archaea","PF09888"
"1308","modern Archaea","PF09890"
"1309","modern Archaea","PF09894"
"1310","modern Archaea","PF09897"
"1311","modern Archaea","PF09920"
"1312","modern Archaea","PF09921"
"1313","modern Archaea","PF09930"
"1314","modern Archaea","PF09943"
"1315","modern Archaea","PF09958"
"1316","modern Archaea","PF09959"
"1317","modern Archaea","PF09971"
"1318","modern Archaea","PF09973"
"1319","modern Archaea","PF09974"
"1320","modern Archaea","PF09987"
"1321","modern Archaea","PF10051"
"1322","modern Archaea","PF10621"
"1323","modern Archaea","PF10869"
"1324","modern Archaea","PF10967"
"1325","modern Archaea","PF11520"
"1326","modern Archaea","PF14210"
"1327","modern Archaea","PF14811"
"1328","modern Archaea","PF14894"
"1329","modern Archaea","PF15915"
"1330","modern Archaea","PF16239"
"1331","modern Archaea","PF16926"
"1332","modern Archaea","PF17299"
"1333","modern Archaea","PF17647"
"1334","modern Archaea","PF18006"
"1335","modern Archaea","PF18079"
"1336","modern Archaea","PF18204"
"1337","modern Archaea","PF18462"
"1338","modern Archaea","PF18489"
"1339","modern Archaea","PF18533"
"1340","modern Archaea","PF18545"
"1341","modern Archaea","PF18677"
"1342","modern Archaea","PF19090"
"1343","modern Archaea","PF19091"
"1344","modern Archaea","PF19093"
"1345","modern Archaea","CL0706"
"1346","modern Archaea","PF19095"
"1347","modern Archaea","PF19096"
"1348","modern Archaea","PF19098"
"1349","modern Archaea","PF19099"
"1350","modern Archaea","PF19100"
"1351","modern Archaea","PF19101"
"1352","modern Archaea","PF19102"
"1353","modern Archaea","PF19103"
"1354","modern Archaea","PF19104"
"1355","modern Archaea","PF19106"
"1356","modern Archaea","PF19107"
"1357","modern Archaea","PF19108"
"1358","modern Archaea","PF19109"
"1359","modern Archaea","PF19110"
"1360","modern Archaea","PF19113"
"1361","modern Archaea","PF19115"
"1362","modern Archaea","PF19118"
"1363","modern Archaea","PF19119"
"1364","modern Archaea","PF19120"
"1365","modern Archaea","PF19122"
"1366","modern Archaea","PF19123"
"1367","modern Archaea","PF19125"
"1368","modern Archaea","PF19126"
"1369","modern Archaea","PF19128"
"1370","modern Archaea","PF19129"
"1371","modern Archaea","PF19130"
"1372","modern Archaea","PF19131"
"1373","modern Archaea","PF19132"
"1374","modern Archaea","PF19133"
"1375","modern Archaea","PF19134"
"1376","modern Archaea","PF19137"
"1377","modern Archaea","PF19138"
"1378","modern Archaea","PF19139"
"1379","modern Archaea","PF19145"
"1380","modern Archaea","PF19146"
"1381","modern Archaea","PF19148"
"1382","modern Archaea","PF19294"
"1383","modern Archaea","PF19436"
"1384","modern Archaea","PF19646"
"1385","modern Archaea","PF19769"
"1386","modern Archaea","PF19792"
"1387","modern Archaea","PF19887"
"1388","modern Archaea","PF20127"
"1389","modern Archaea","PF20364"
"1390","modern Archaea","PF20389"
"1391","modern Archaea","PF20509"
"1392","modern Archaea","PF20542"
"1393","modern Archaea","PF20576"
"1394","modern Bacteria","CL0168"
"1395","modern Bacteria","PF00223"
"1396","modern Bacteria","PF00269"
"1397","modern Bacteria","PF00284"
"1398","modern Bacteria","PF00306"
"1399","modern Bacteria","PF00334"
"1400","modern Bacteria","CL0204"
"1401","modern Bacteria","PF00421"
"1402","modern Bacteria","PF00427"
"1403","modern Bacteria","PF00504"
"1404","modern Bacteria","PF00720"
"1405","modern Bacteria","PF00737"
"1406","modern Bacteria","PF00816"
"1407","modern Bacteria","CL0352"
"1408","modern Bacteria","PF00839"
"1409","modern Bacteria","CL0632"
"1410","modern Bacteria","CL0352"
"1411","modern Bacteria","PF01241"
"1412","modern Bacteria","PF01295"
"1413","modern Bacteria","PF01355"
"1414","modern Bacteria","PF01383"
"1415","modern Bacteria","PF01405"
"1416","modern Bacteria","PF01430"
"1417","modern Bacteria","CL0725"
"1418","modern Bacteria","CL0598"
"1419","modern Bacteria","PF01491"
"1420","modern Bacteria","PF01521"
"1421","modern Bacteria","PF01701"
"1422","modern Bacteria","PF01737"
"1423","modern Bacteria","PF01744"
"1424","modern Bacteria","PF01788"
"1425","modern Bacteria","PF02013"
"1426","modern Bacteria","CL0461"
"1427","modern Bacteria","PF02081"
"1428","modern Bacteria","PF02092"
"1429","modern Bacteria","PF02104"
"1430","modern Bacteria","PF02255"
"1431","modern Bacteria","PF02315"
"1432","modern Bacteria","PF02341"
"1433","modern Bacteria","PF02419"
"1434","modern Bacteria","PF02467"
"1435","modern Bacteria","PF02468"
"1436","modern Bacteria","PF02507"
"1437","modern Bacteria","PF02529"
"1438","modern Bacteria","PF02531"
"1439","modern Bacteria","PF02532"
"1440","modern Bacteria","PF02533"
"1441","modern Bacteria","PF02561"
"1442","modern Bacteria","PF02577"
"1443","modern Bacteria","PF02605"
"1444","modern Bacteria","PF02672"
"1445","modern Bacteria","PF02720"
"1446","modern Bacteria","PF02829"
"1447","modern Bacteria","PF02898"
"1448","modern Bacteria","CL0354"
"1449","modern Bacteria","PF02975"
"1450","modern Bacteria","PF03040"
"1451","modern Bacteria","PF03230"
"1452","modern Bacteria","PF03280"
"1453","modern Bacteria","PF03323"
"1454","modern Bacteria","PF03419"
"1455","modern Bacteria","PF03503"
"1456","modern Bacteria","PF03527"
"1457","modern Bacteria","PF03538"
"1458","modern Bacteria","PF03603"
"1459","modern Bacteria","PF03647"
"1460","modern Bacteria","PF03672"
"1461","modern Bacteria","PF03677"
"1462","modern Bacteria","PF03695"
"1463","modern Bacteria","PF03698"
"1464","modern Bacteria","PF03699"
"1465","modern Bacteria","PF03701"
"1466","modern Bacteria","PF03742"
"1467","modern Bacteria","PF03752"
"1468","modern Bacteria","PF03771"
"1469","modern Bacteria","PF03777"
"1470","modern Bacteria","PF03780"
"1471","modern Bacteria","PF03817"
"1472","modern Bacteria","PF03843"
"1473","modern Bacteria","PF03862"
"1474","modern Bacteria","PF03873"
"1475","modern Bacteria","PF03885"
"1476","modern Bacteria","PF03889"
"1477","modern Bacteria","PF03903"
"1478","modern Bacteria","PF03912"
"1479","modern Bacteria","PF03925"
"1480","modern Bacteria","PF03937"
"1481","modern Bacteria","PF03974"
"1482","modern Bacteria","PF03981"
"1483","modern Bacteria","CL0333"
"1484","modern Bacteria","PF04085"
"1485","modern Bacteria","PF04102"
"1486","modern Bacteria","PF04122"
"1487","modern Bacteria","PF04149"
"1488","modern Bacteria","PF04167"
"1489","modern Bacteria","PF04175"
"1490","modern Bacteria","PF04200"
"1491","modern Bacteria","PF04208"
"1492","modern Bacteria","PF04213"
"1493","modern Bacteria","PF04217"
"1494","modern Bacteria","PF04219"
"1495","modern Bacteria","PF04220"
"1496","modern Bacteria","PF04241"
"1497","modern Bacteria","CL0755"
"1498","modern Bacteria","PF04267"
"1499","modern Bacteria","PF04269"
"1500","modern Bacteria","PF04270"
"1501","modern Bacteria","PF04278"
"1502","modern Bacteria","PF04279"
"1503","modern Bacteria","PF04287"
"1504","modern Bacteria","PF04314"
"1505","modern Bacteria","PF04315"
"1506","modern Bacteria","PF04325"
"1507","modern Bacteria","PF04327"
"1508","modern Bacteria","PF04333"
"1509","modern Bacteria","PF04344"
"1510","modern Bacteria","PF04352"
"1511","modern Bacteria","PF04353"
"1512","modern Bacteria","PF04354"
"1513","modern Bacteria","PF04356"
"1514","modern Bacteria","PF04361"
"1515","modern Bacteria","PF04362"
"1516","modern Bacteria","PF04363"
"1517","modern Bacteria","PF04364"
"1518","modern Bacteria","PF04368"
"1519","modern Bacteria","PF04375"
"1520","modern Bacteria","PF04380"
"1521","modern Bacteria","PF04381"
"1522","modern Bacteria","PF04386"
"1523","modern Bacteria","PF04394"
"1524","modern Bacteria","PF04405"
"1525","modern Bacteria","PF04417"
"1526","modern Bacteria","PF04442"
"1527","modern Bacteria","PF04444"
"1528","modern Bacteria","PF04461"
"1529","modern Bacteria","PF04483"
"1530","modern Bacteria","PF04485"
"1531","modern Bacteria","PF04518"
"1532","modern Bacteria","PF04531"
"1533","modern Bacteria","PF04588"
"1534","modern Bacteria","PF04613"
"1535","modern Bacteria","PF04647"
"1536","modern Bacteria","PF04650"
"1537","modern Bacteria","PF04654"
"1538","modern Bacteria","PF04688"
"1539","modern Bacteria","CL0590"
"1540","modern Bacteria","CL0352"
"1541","modern Bacteria","PF04746"
"1542","modern Bacteria","PF04751"
"1543","modern Bacteria","PF04763"
"1544","modern Bacteria","PF04800"
"1545","modern Bacteria","PF04809"
"1546","modern Bacteria","PF04829"
"1547","modern Bacteria","PF04830"
"1548","modern Bacteria","PF04839"
"1549","modern Bacteria","PF04888"
"1550","modern Bacteria","PF04890"
"1551","modern Bacteria","PF04891"
"1552","modern Bacteria","PF04917"
"1553","modern Bacteria","PF04957"
"1554","modern Bacteria","PF04995"
"1555","modern Bacteria","PF05071"
"1556","modern Bacteria","PF05082"
"1557","modern Bacteria","PF05095"
"1558","modern Bacteria","CL0249"
"1559","modern Bacteria","PF05103"
"1560","modern Bacteria","CL0564"
"1561","modern Bacteria","PF05108"
"1562","modern Bacteria","PF05133"
"1563","modern Bacteria","PF05151"
"1564","modern Bacteria","PF05166"
"1565","modern Bacteria","PF05215"
"1566","modern Bacteria","CL0204"
"1567","modern Bacteria","PF05232"
"1568","modern Bacteria","PF05233"
"1569","modern Bacteria","PF05247"
"1570","modern Bacteria","PF05256"
"1571","modern Bacteria","PF05280"
"1572","modern Bacteria","PF05284"
"1573","modern Bacteria","PF05302"
"1574","modern Bacteria","PF05305"
"1575","modern Bacteria","PF05309"
"1576","modern Bacteria","PF05321"
"1577","modern Bacteria","PF05384"
"1578","modern Bacteria","PF05389"
"1579","modern Bacteria","PF05406"
"1580","modern Bacteria","PF05419"
"1581","modern Bacteria","PF05421"
"1582","modern Bacteria","PF05423"
"1583","modern Bacteria","CL0361"
"1584","modern Bacteria","PF05472"
"1585","modern Bacteria","PF05481"
"1586","modern Bacteria","PF05504"
"1587","modern Bacteria","PF05542"
"1588","modern Bacteria","PF05545"
"1589","modern Bacteria","PF05582"
"1590","modern Bacteria","PF05595"
"1591","modern Bacteria","PF05639"
"1592","modern Bacteria","PF05650"
"1593","modern Bacteria","PF05719"
"1594","modern Bacteria","CL0204"
"1595","modern Bacteria","PF05745"
"1596","modern Bacteria","PF05818"
"1597","modern Bacteria","PF05926"
"1598","modern Bacteria","PF05929"
"1599","modern Bacteria","PF05939"
"1600","modern Bacteria","PF05944"
"1601","modern Bacteria","PF05949"
"1602","modern Bacteria","PF05969"
"1603","modern Bacteria","PF05975"
"1604","modern Bacteria","PF05979"
"1605","modern Bacteria","PF05981"
"1606","modern Bacteria","CL0352"
"1607","modern Bacteria","PF06014"
"1608","modern Bacteria","PF06051"
"1609","modern Bacteria","PF06059"
"1610","modern Bacteria","PF06062"
"1611","modern Bacteria","PF06073"
"1612","modern Bacteria","PF06092"
"1613","modern Bacteria","PF06097"
"1614","modern Bacteria","PF06099"
"1615","modern Bacteria","PF06103"
"1616","modern Bacteria","PF06122"
"1617","modern Bacteria","CL0768"
"1618","modern Bacteria","PF06133"
"1619","modern Bacteria","PF06135"
"1620","modern Bacteria","PF06152"
"1621","modern Bacteria","PF06156"
"1622","modern Bacteria","PF06160"
"1623","modern Bacteria","PF06168"
"1624","modern Bacteria","PF06169"
"1625","modern Bacteria","PF06183"
"1626","modern Bacteria","PF06186"
"1627","modern Bacteria","PF06207"
"1628","modern Bacteria","PF06213"
"1629","modern Bacteria","PF06226"
"1630","modern Bacteria","PF06233"
"1631","modern Bacteria","PF06242"
"1632","modern Bacteria","PF06265"
"1633","modern Bacteria","PF06279"
"1634","modern Bacteria","PF06282"
"1635","modern Bacteria","PF06288"
"1636","modern Bacteria","PF06295"
"1637","modern Bacteria","PF06298"
"1638","modern Bacteria","PF06303"
"1639","modern Bacteria","PF06335"
"1640","modern Bacteria","PF06411"
"1641","modern Bacteria","PF06412"
"1642","modern Bacteria","PF06476"
"1643","modern Bacteria","PF06485"
"1644","modern Bacteria","PF06486"
"1645","modern Bacteria","PF06491"
"1646","modern Bacteria","PF06526"
"1647","modern Bacteria","PF06528"
"1648","modern Bacteria","PF06532"
"1649","modern Bacteria","CL0204"
"1650","modern Bacteria","PF06568"
"1651","modern Bacteria","PF06569"
"1652","modern Bacteria","PF06572"
"1653","modern Bacteria","PF06577"
"1654","modern Bacteria","PF06586"
"1655","modern Bacteria","PF06587"
"1656","modern Bacteria","PF06596"
"1657","modern Bacteria","PF06611"
"1658","modern Bacteria","PF06612"
"1659","modern Bacteria","PF06620"
"1660","modern Bacteria","PF06626"
"1661","modern Bacteria","PF06649"
"1662","modern Bacteria","PF06667"
"1663","modern Bacteria","PF06676"
"1664","modern Bacteria","PF06686"
"1665","modern Bacteria","PF06693"
"1666","modern Bacteria","PF06724"
"1667","modern Bacteria","PF06748"
"1668","modern Bacteria","PF06761"
"1669","modern Bacteria","PF06781"
"1670","modern Bacteria","PF06785"
"1671","modern Bacteria","PF06790"
"1672","modern Bacteria","PF06791"
"1673","modern Bacteria","PF06793"
"1674","modern Bacteria","PF06794"
"1675","modern Bacteria","PF06796"
"1676","modern Bacteria","PF06799"
"1677","modern Bacteria","PF06823"
"1678","modern Bacteria","PF06844"
"1679","modern Bacteria","PF06853"
"1680","modern Bacteria","PF06854"
"1681","modern Bacteria","PF06855"
"1682","modern Bacteria","PF06890"
"1683","modern Bacteria","PF06892"
"1684","modern Bacteria","PF06904"
"1685","modern Bacteria","PF06934"
"1686","modern Bacteria","PF06938"
"1687","modern Bacteria","PF06947"
"1688","modern Bacteria","PF06949"
"1689","modern Bacteria","PF06956"
"1690","modern Bacteria","PF06967"
"1691","modern Bacteria","PF06986"
"1692","modern Bacteria","PF06988"
"1693","modern Bacteria","PF06992"
"1694","modern Bacteria","PF06995"
"1695","modern Bacteria","PF07023"
"1696","modern Bacteria","PF07072"
"1697","modern Bacteria","PF07079"
"1698","modern Bacteria","PF07130"
"1699","modern Bacteria","PF07136"
"1700","modern Bacteria","PF07146"
"1701","modern Bacteria","PF07148"
"1702","modern Bacteria","PF07178"
"1703","modern Bacteria","PF07183"
"1704","modern Bacteria","PF07187"
"1705","modern Bacteria","PF07208"
"1706","modern Bacteria","PF07226"
"1707","modern Bacteria","PF07254"
"1708","modern Bacteria","PF07261"
"1709","modern Bacteria","PF07264"
"1710","modern Bacteria","CL0648"
"1711","modern Bacteria","PF07277"
"1712","modern Bacteria","PF07284"
"1713","modern Bacteria","PF07288"
"1714","modern Bacteria","PF07293"
"1715","modern Bacteria","PF07299"
"1716","modern Bacteria","PF07309"
"1717","modern Bacteria","PF07317"
"1718","modern Bacteria","PF07319"
"1719","modern Bacteria","PF07323"
"1720","modern Bacteria","PF07330"
"1721","modern Bacteria","PF07338"
"1722","modern Bacteria","PF07345"
"1723","modern Bacteria","PF07357"
"1724","modern Bacteria","PF07361"
"1725","modern Bacteria","PF07369"
"1726","modern Bacteria","PF07370"
"1727","modern Bacteria","PF07372"
"1728","modern Bacteria","PF07378"
"1729","modern Bacteria","PF07379"
"1730","modern Bacteria","PF07383"
"1731","modern Bacteria","PF07408"
"1732","modern Bacteria","PF07409"
"1733","modern Bacteria","PF07417"
"1734","modern Bacteria","PF07423"
"1735","modern Bacteria","CL0285"
"1736","modern Bacteria","PF07441"
"1737","modern Bacteria","PF07444"
"1738","modern Bacteria","PF07445"
"1739","modern Bacteria","PF07465"
"1740","modern Bacteria","PF07466"
"1741","modern Bacteria","PF07509"
"1742","modern Bacteria","PF07516"
"1743","modern Bacteria","PF07537"
"1744","modern Bacteria","PF07542"
"1745","modern Bacteria","PF07548"
"1746","modern Bacteria","PF07552"
"1747","modern Bacteria","PF07553"
"1748","modern Bacteria","CL0598"
"1749","modern Bacteria","PF07560"
"1750","modern Bacteria","CL0598"
"1751","modern Bacteria","PF07577"
"1752","modern Bacteria","PF07579"
"1753","modern Bacteria","PF07595"
"1754","modern Bacteria","PF07596"
"1755","modern Bacteria","PF07603"
"1756","modern Bacteria","PF07613"
"1757","modern Bacteria","PF07634"
"1758","modern Bacteria","PF07639"
"1759","modern Bacteria","PF07655"
"1760","modern Bacteria","PF07666"
"1761","modern Bacteria","PF07680"
"1762","modern Bacteria","CL0637"
"1763","modern Bacteria","PF07743"
"1764","modern Bacteria","PF07756"
"1765","modern Bacteria","PF07769"
"1766","modern Bacteria","PF07793"
"1767","modern Bacteria","PF07835"
"1768","modern Bacteria","PF07845"
"1769","modern Bacteria","PF07863"
"1770","modern Bacteria","CL0703"
"1771","modern Bacteria","PF07870"
"1772","modern Bacteria","PF07872"
"1773","modern Bacteria","PF07873"
"1774","modern Bacteria","PF07879"
"1775","modern Bacteria","PF07886"
"1776","modern Bacteria","PF07892"
"1777","modern Bacteria","PF07896"
"1778","modern Bacteria","PF07916"
"1779","modern Bacteria","PF07996"
"1780","modern Bacteria","PF07997"
"1781","modern Bacteria","PF08012"
"1782","modern Bacteria","PF08041"
"1783","modern Bacteria","PF08113"
"1784","modern Bacteria","PF08173"
"1785","modern Bacteria","CL0755"
"1786","modern Bacteria","CL0755"
"1787","modern Bacteria","CL0755"
"1788","modern Bacteria","CL0755"
"1789","modern Bacteria","PF08183"
"1790","modern Bacteria","PF08230"
"1791","modern Bacteria","PF08326"
"1792","modern Bacteria","PF08341"
"1793","modern Bacteria","PF08343"
"1794","modern Bacteria","PF08354"
"1795","modern Bacteria","PF08364"
"1796","modern Bacteria","PF08468"
"1797","modern Bacteria","PF08503"
"1798","modern Bacteria","PF08525"
"1799","modern Bacteria","PF08529"
"1800","modern Bacteria","PF08664"
"1801","modern Bacteria","CL0637"
"1802","modern Bacteria","PF08680"
"1803","modern Bacteria","PF08741"
"1804","modern Bacteria","PF08750"
"1805","modern Bacteria","PF08755"
"1806","modern Bacteria","PF08756"
"1807","modern Bacteria","PF08796"
"1808","modern Bacteria","PF08807"
"1809","modern Bacteria","PF08809"
"1810","modern Bacteria","PF08812"
"1811","modern Bacteria","PF08830"
"1812","modern Bacteria","PF08844"
"1813","modern Bacteria","PF08846"
"1814","modern Bacteria","PF08847"
"1815","modern Bacteria","PF08850"
"1816","modern Bacteria","PF08853"
"1817","modern Bacteria","PF08855"
"1818","modern Bacteria","PF08858"
"1819","modern Bacteria","PF08860"
"1820","modern Bacteria","PF08864"
"1821","modern Bacteria","PF08865"
"1822","modern Bacteria","PF08866"
"1823","modern Bacteria","PF08868"
"1824","modern Bacteria","PF08872"
"1825","modern Bacteria","PF08886"
"1826","modern Bacteria","PF08891"
"1827","modern Bacteria","PF08895"
"1828","modern Bacteria","PF08897"
"1829","modern Bacteria","PF08900"
"1830","modern Bacteria","PF08904"
"1831","modern Bacteria","PF08908"
"1832","modern Bacteria","PF08951"
"1833","modern Bacteria","PF08955"
"1834","modern Bacteria","PF08958"
"1835","modern Bacteria","PF08962"
"1836","modern Bacteria","PF08963"
"1837","modern Bacteria","PF08968"
"1838","modern Bacteria","PF08970"
"1839","modern Bacteria","PF08977"
"1840","modern Bacteria","PF08989"
"1841","modern Bacteria","PF09021"
"1842","modern Bacteria","CL0629"
"1843","modern Bacteria","CL0634"
"1844","modern Bacteria","PF09150"
"1845","modern Bacteria","PF09163"
"1846","modern Bacteria","PF09168"
"1847","modern Bacteria","CL0636"
"1848","modern Bacteria","PF09269"
"1849","modern Bacteria","PF09321"
"1850","modern Bacteria","PF09326"
"1851","modern Bacteria","PF09338"
"1852","modern Bacteria","PF09353"
"1853","modern Bacteria","PF09357"
"1854","modern Bacteria","PF09361"
"1855","modern Bacteria","PF09366"
"1856","modern Bacteria","PF09388"
"1857","modern Bacteria","PF09392"
"1858","modern Bacteria","PF09406"
"1859","modern Bacteria","PF09438"
"1860","modern Bacteria","PF09476"
"1861","modern Bacteria","PF09498"
"1862","modern Bacteria","PF09501"
"1863","modern Bacteria","PF09523"
"1864","modern Bacteria","PF09524"
"1865","modern Bacteria","PF09533"
"1866","modern Bacteria","PF09534"
"1867","modern Bacteria","CL0767"
"1868","modern Bacteria","PF09536"
"1869","modern Bacteria","PF09538"
"1870","modern Bacteria","PF09539"
"1871","modern Bacteria","PF09544"
"1872","modern Bacteria","PF09546"
"1873","modern Bacteria","PF09548"
"1874","modern Bacteria","PF09551"
"1875","modern Bacteria","PF09560"
"1876","modern Bacteria","PF09577"
"1877","modern Bacteria","PF09578"
"1878","modern Bacteria","PF09580"
"1879","modern Bacteria","PF09581"
"1880","modern Bacteria","PF09582"
"1881","modern Bacteria","PF09600"
"1882","modern Bacteria","PF09608"
"1883","modern Bacteria","PF09615"
"1884","modern Bacteria","PF09640"
"1885","modern Bacteria","CL0285"
"1886","modern Bacteria","PF09654"
"1887","modern Bacteria","PF09661"
"1888","modern Bacteria","PF09673"
"1889","modern Bacteria","PF09676"
"1890","modern Bacteria","PF09677"
"1891","modern Bacteria","PF09680"
"1892","modern Bacteria","PF09682"
"1893","modern Bacteria","PF09683"
"1894","modern Bacteria","PF09686"
"1895","modern Bacteria","PF09693"
"1896","modern Bacteria","PF09706"
"1897","modern Bacteria","PF09712"
"1898","modern Bacteria","PF09718"
"1899","modern Bacteria","PF09731"
"1900","modern Bacteria","PF09791"
"1901","modern Bacteria","PF09829"
"1902","modern Bacteria","PF09831"
"1903","modern Bacteria","PF09832"
"1904","modern Bacteria","PF09834"
"1905","modern Bacteria","PF09838"
"1906","modern Bacteria","PF09839"
"1907","modern Bacteria","PF09842"
"1908","modern Bacteria","PF09849"
"1909","modern Bacteria","PF09850"
"1910","modern Bacteria","PF09856"
"1911","modern Bacteria","PF09857"
"1912","modern Bacteria","PF09866"
"1913","modern Bacteria","PF09867"
"1914","modern Bacteria","PF09898"
"1915","modern Bacteria","PF09902"
"1916","modern Bacteria","PF09906"
"1917","modern Bacteria","PF09911"
"1918","modern Bacteria","PF09919"
"1919","modern Bacteria","PF09923"
"1920","modern Bacteria","PF09937"
"1921","modern Bacteria","PF09938"
"1922","modern Bacteria","PF09955"
"1923","modern Bacteria","PF09963"
"1924","modern Bacteria","PF09964"
"1925","modern Bacteria","PF10031"
"1926","modern Bacteria","PF10038"
"1927","modern Bacteria","PF10048"
"1928","modern Bacteria","PF10052"
"1929","modern Bacteria","PF10057"
"1930","modern Bacteria","PF10065"
"1931","modern Bacteria","PF10069"
"1932","modern Bacteria","PF10073"
"1933","modern Bacteria","PF10074"
"1934","modern Bacteria","PF10084"
"1935","modern Bacteria","PF10093"
"1936","modern Bacteria","PF10095"
"1937","modern Bacteria","PF10098"
"1938","modern Bacteria","PF10106"
"1939","modern Bacteria","PF10112"
"1940","modern Bacteria","PF10115"
"1941","modern Bacteria","PF10139"
"1942","modern Bacteria","PF10141"
"1943","modern Bacteria","PF10216"
"1944","modern Bacteria","PF10368"
"1945","modern Bacteria","PF10411"
"1946","modern Bacteria","PF10414"
"1947","modern Bacteria","PF10563"
"1948","modern Bacteria","PF10611"
"1949","modern Bacteria","PF10612"
"1950","modern Bacteria","PF10614"
"1951","modern Bacteria","PF10617"
"1952","modern Bacteria","PF10618"
"1953","modern Bacteria","PF10627"
"1954","modern Bacteria","CL0731"
"1955","modern Bacteria","PF10635"
"1956","modern Bacteria","PF10636"
"1957","modern Bacteria","PF10651"
"1958","modern Bacteria","PF10652"
"1959","modern Bacteria","PF10658"
"1960","modern Bacteria","PF10664"
"1961","modern Bacteria","PF10673"
"1962","modern Bacteria","PF10674"
"1963","modern Bacteria","PF10675"
"1964","modern Bacteria","PF10676"
"1965","modern Bacteria","PF10679"
"1966","modern Bacteria","PF10689"
"1967","modern Bacteria","PF10691"
"1968","modern Bacteria","PF10693"
"1969","modern Bacteria","PF10694"
"1970","modern Bacteria","PF10696"
"1971","modern Bacteria","PF10702"
"1972","modern Bacteria","PF10704"
"1973","modern Bacteria","PF10708"
"1974","modern Bacteria","PF10710"
"1975","modern Bacteria","PF10716"
"1976","modern Bacteria","PF10718"
"1977","modern Bacteria","PF10720"
"1978","modern Bacteria","PF10724"
"1979","modern Bacteria","PF10726"
"1980","modern Bacteria","PF10730"
"1981","modern Bacteria","PF10732"
"1982","modern Bacteria","PF10734"
"1983","modern Bacteria","PF10737"
"1984","modern Bacteria","PF10742"
"1985","modern Bacteria","PF10745"
"1986","modern Bacteria","PF10747"
"1987","modern Bacteria","PF10750"
"1988","modern Bacteria","PF10755"
"1989","modern Bacteria","PF10758"
"1990","modern Bacteria","PF10759"
"1991","modern Bacteria","PF10764"
"1992","modern Bacteria","PF10768"
"1993","modern Bacteria","PF10776"
"1994","modern Bacteria","PF10779"
"1995","modern Bacteria","PF10782"
"1996","modern Bacteria","PF10783"
"1997","modern Bacteria","PF10801"
"1998","modern Bacteria","PF10803"
"1999","modern Bacteria","PF10805"
"2000","modern Bacteria","PF10821"
"2001","modern Bacteria","CL0352"
"2002","modern Bacteria","PF10844"
"2003","modern Bacteria","PF10850"
"2004","modern Bacteria","PF10864"
"2005","modern Bacteria","PF10901"
"2006","modern Bacteria","PF10915"
"2007","modern Bacteria","PF10925"
"2008","modern Bacteria","PF10928"
"2009","modern Bacteria","PF10929"
"2010","modern Bacteria","PF10932"
"2011","modern Bacteria","PF10935"
"2012","modern Bacteria","PF10938"
"2013","modern Bacteria","PF10939"
"2014","modern Bacteria","PF10942"
"2015","modern Bacteria","PF10944"
"2016","modern Bacteria","PF10947"
"2017","modern Bacteria","PF10948"
"2018","modern Bacteria","PF10955"
"2019","modern Bacteria","PF10957"
"2020","modern Bacteria","PF10958"
"2021","modern Bacteria","PF10960"
"2022","modern Bacteria","PF10966"
"2023","modern Bacteria","PF10969"
"2024","modern Bacteria","PF10970"
"2025","modern Bacteria","PF10972"
"2026","modern Bacteria","PF10973"
"2027","modern Bacteria","PF10978"
"2028","modern Bacteria","PF10980"
"2029","modern Bacteria","PF10981"
"2030","modern Bacteria","PF10982"
"2031","modern Bacteria","PF10983"
"2032","modern Bacteria","PF10984"
"2033","modern Bacteria","PF10986"
"2034","modern Bacteria","PF10989"
"2035","modern Bacteria","PF10993"
"2036","modern Bacteria","PF10997"
"2037","modern Bacteria","PF10999"
"2038","modern Bacteria","PF11000"
"2039","modern Bacteria","PF11003"
"2040","modern Bacteria","PF11006"
"2041","modern Bacteria","PF11007"
"2042","modern Bacteria","PF11011"
"2043","modern Bacteria","PF11013"
"2044","modern Bacteria","PF11014"
"2045","modern Bacteria","PF11016"
"2046","modern Bacteria","PF11021"
"2047","modern Bacteria","PF11041"
"2048","modern Bacteria","PF11062"
"2049","modern Bacteria","PF11064"
"2050","modern Bacteria","PF11067"
"2051","modern Bacteria","PF11068"
"2052","modern Bacteria","PF11072"
"2053","modern Bacteria","PF11079"
"2054","modern Bacteria","PF11084"
"2055","modern Bacteria","PF11085"
"2056","modern Bacteria","PF11101"
"2057","modern Bacteria","PF11102"
"2058","modern Bacteria","PF11112"
"2059","modern Bacteria","PF11116"
"2060","modern Bacteria","PF11117"
"2061","modern Bacteria","PF11118"
"2062","modern Bacteria","PF11122"
"2063","modern Bacteria","PF11132"
"2064","modern Bacteria","PF11137"
"2065","modern Bacteria","PF11140"
"2066","modern Bacteria","PF11142"
"2067","modern Bacteria","PF11143"
"2068","modern Bacteria","PF11148"
"2069","modern Bacteria","PF11149"
"2070","modern Bacteria","PF11150"
"2071","modern Bacteria","PF11151"
"2072","modern Bacteria","PF11153"
"2073","modern Bacteria","PF11155"
"2074","modern Bacteria","PF11157"
"2075","modern Bacteria","PF11161"
"2076","modern Bacteria","PF11164"
"2077","modern Bacteria","PF11165"
"2078","modern Bacteria","PF11169"
"2079","modern Bacteria","PF11173"
"2080","modern Bacteria","PF11174"
"2081","modern Bacteria","PF11184"
"2082","modern Bacteria","PF11189"
"2083","modern Bacteria","PF11190"
"2084","modern Bacteria","PF11191"
"2085","modern Bacteria","PF11193"
"2086","modern Bacteria","PF11197"
"2087","modern Bacteria","PF11198"
"2088","modern Bacteria","PF11201"
"2089","modern Bacteria","PF11203"
"2090","modern Bacteria","PF11205"
"2091","modern Bacteria","PF11207"
"2092","modern Bacteria","PF11209"
"2093","modern Bacteria","PF11210"
"2094","modern Bacteria","PF11213"
"2095","modern Bacteria","PF11216"
"2096","modern Bacteria","PF11217"
"2097","modern Bacteria","PF11219"
"2098","modern Bacteria","PF11222"
"2099","modern Bacteria","PF11227"
"2100","modern Bacteria","PF11228"
"2101","modern Bacteria","PF11233"
"2102","modern Bacteria","PF11237"
"2103","modern Bacteria","PF11238"
"2104","modern Bacteria","PF11239"
"2105","modern Bacteria","PF11240"
"2106","modern Bacteria","PF11241"
"2107","modern Bacteria","PF11248"
"2108","modern Bacteria","PF11249"
"2109","modern Bacteria","PF11255"
"2110","modern Bacteria","PF11256"
"2111","modern Bacteria","PF11258"
"2112","modern Bacteria","PF11264"
"2113","modern Bacteria","PF11267"
"2114","modern Bacteria","PF11268"
"2115","modern Bacteria","PF11271"
"2116","modern Bacteria","PF11273"
"2117","modern Bacteria","PF11279"
"2118","modern Bacteria","PF11280"
"2119","modern Bacteria","PF11282"
"2120","modern Bacteria","PF11283"
"2121","modern Bacteria","PF11284"
"2122","modern Bacteria","PF11285"
"2123","modern Bacteria","PF11286"
"2124","modern Bacteria","PF11287"
"2125","modern Bacteria","PF11290"
"2126","modern Bacteria","PF11295"
"2127","modern Bacteria","PF11296"
"2128","modern Bacteria","PF11297"
"2129","modern Bacteria","PF11298"
"2130","modern Bacteria","PF11305"
"2131","modern Bacteria","PF11307"
"2132","modern Bacteria","PF11314"
"2133","modern Bacteria","PF11317"
"2134","modern Bacteria","PF11319"
"2135","modern Bacteria","PF11324"
"2136","modern Bacteria","PF11332"
"2137","modern Bacteria","PF11333"
"2138","modern Bacteria","PF11337"
"2139","modern Bacteria","PF11338"
"2140","modern Bacteria","PF11340"
"2141","modern Bacteria","PF11341"
"2142","modern Bacteria","PF11342"
"2143","modern Bacteria","PF11343"
"2144","modern Bacteria","PF11344"
"2145","modern Bacteria","PF11346"
"2146","modern Bacteria","PF11348"
"2147","modern Bacteria","PF11349"
"2148","modern Bacteria","PF11352"
"2149","modern Bacteria","PF11353"
"2150","modern Bacteria","PF11360"
"2151","modern Bacteria","PF11361"
"2152","modern Bacteria","PF11363"
"2153","modern Bacteria","PF11368"
"2154","modern Bacteria","PF11371"
"2155","modern Bacteria","PF11375"
"2156","modern Bacteria","PF11377"
"2157","modern Bacteria","PF11378"
"2158","modern Bacteria","PF11382"
"2159","modern Bacteria","PF11385"
"2160","modern Bacteria","PF11387"
"2161","modern Bacteria","PF11390"
"2162","modern Bacteria","PF11431"
"2163","modern Bacteria","PF11445"
"2164","modern Bacteria","PF11446"
"2165","modern Bacteria","PF11450"
"2166","modern Bacteria","PF11452"
"2167","modern Bacteria","PF11453"
"2168","modern Bacteria","PF11454"
"2169","modern Bacteria","PF11455"
"2170","modern Bacteria","PF11456"
"2171","modern Bacteria","PF11457"
"2172","modern Bacteria","PF11460"
"2173","modern Bacteria","PF11518"
"2174","modern Bacteria","PF11574"
"2175","modern Bacteria","PF11588"
"2176","modern Bacteria","PF11660"
"2177","modern Bacteria","PF11661"
"2178","modern Bacteria","PF11662"
"2179","modern Bacteria","PF11665"
"2180","modern Bacteria","PF11679"
"2181","modern Bacteria","PF11683"
"2182","modern Bacteria","PF11688"
"2183","modern Bacteria","PF11691"
"2184","modern Bacteria","PF11694"
"2185","modern Bacteria","CL0367"
"2186","modern Bacteria","PF11726"
"2187","modern Bacteria","PF11728"
"2188","modern Bacteria","PF11730"
"2189","modern Bacteria","PF11739"
"2190","modern Bacteria","PF11740"
"2191","modern Bacteria","PF11743"
"2192","modern Bacteria","PF11745"
"2193","modern Bacteria","PF11748"
"2194","modern Bacteria","PF11749"
"2195","modern Bacteria","PF11752"
"2196","modern Bacteria","PF11772"
"2197","modern Bacteria","PF11776"
"2198","modern Bacteria","PF11796"
"2199","modern Bacteria","PF11797"
"2200","modern Bacteria","PF11800"
"2201","modern Bacteria","PF11804"
"2202","modern Bacteria","PF11805"
"2203","modern Bacteria","PF11808"
"2204","modern Bacteria","PF11812"
"2205","modern Bacteria","PF11815"
"2206","modern Bacteria","PF11827"
"2207","modern Bacteria","PF11828"
"2208","modern Bacteria","PF11829"
"2209","modern Bacteria","PF11833"
"2210","modern Bacteria","PF11843"
"2211","modern Bacteria","PF11850"
"2212","modern Bacteria","PF11859"
"2213","modern Bacteria","PF11862"
"2214","modern Bacteria","PF11866"
"2215","modern Bacteria","PF11868"
"2216","modern Bacteria","PF11871"
"2217","modern Bacteria","PF11872"
"2218","modern Bacteria","PF11873"
"2219","modern Bacteria","PF11876"
"2220","modern Bacteria","PF11877"
"2221","modern Bacteria","PF11880"
"2222","modern Bacteria","PF11887"
"2223","modern Bacteria","PF11888"
"2224","modern Bacteria","PF11893"
"2225","modern Bacteria","PF11902"
"2226","modern Bacteria","PF11906"
"2227","modern Bacteria","PF11909"
"2228","modern Bacteria","PF11911"
"2229","modern Bacteria","PF11920"
"2230","modern Bacteria","PF11937"
"2231","modern Bacteria","PF11939"
"2232","modern Bacteria","PF11943"
"2233","modern Bacteria","PF11944"
"2234","modern Bacteria","PF11947"
"2235","modern Bacteria","PF11953"
"2236","modern Bacteria","PF11982"
"2237","modern Bacteria","PF11987"
"2238","modern Bacteria","PF11990"
"2239","modern Bacteria","PF11993"
"2240","modern Bacteria","PF11996"
"2241","modern Bacteria","PF11998"
"2242","modern Bacteria","PF12005"
"2243","modern Bacteria","PF12028"
"2244","modern Bacteria","PF12046"
"2245","modern Bacteria","PF12049"
"2246","modern Bacteria","PF12058"
"2247","modern Bacteria","PF12059"
"2248","modern Bacteria","PF12060"
"2249","modern Bacteria","PF12065"
"2250","modern Bacteria","PF12069"
"2251","modern Bacteria","PF12071"
"2252","modern Bacteria","PF12077"
"2253","modern Bacteria","PF12080"
"2254","modern Bacteria","PF12081"
"2255","modern Bacteria","PF12089"
"2256","modern Bacteria","PF12091"
"2257","modern Bacteria","PF12095"
"2258","modern Bacteria","PF12096"
"2259","modern Bacteria","PF12100"
"2260","modern Bacteria","PF12101"
"2261","modern Bacteria","PF12112"
"2262","modern Bacteria","PF12119"
"2263","modern Bacteria","PF12137"
"2264","modern Bacteria","PF12164"
"2265","modern Bacteria","PF12170"
"2266","modern Bacteria","PF12186"
"2267","modern Bacteria","PF12200"
"2268","modern Bacteria","PF12221"
"2269","modern Bacteria","PF12227"
"2270","modern Bacteria","PF12249"
"2271","modern Bacteria","PF12270"
"2272","modern Bacteria","PF12276"
"2273","modern Bacteria","PF12279"
"2274","modern Bacteria","PF12288"
"2275","modern Bacteria","PF12290"
"2276","modern Bacteria","PF12293"
"2277","modern Bacteria","PF12318"
"2278","modern Bacteria","PF12321"
"2279","modern Bacteria","PF12339"
"2280","modern Bacteria","PF12362"
"2281","modern Bacteria","PF12401"
"2282","modern Bacteria","PF12404"
"2283","modern Bacteria","PF12434"
"2284","modern Bacteria","PF12438"
"2285","modern Bacteria","PF12447"
"2286","modern Bacteria","PF12452"
"2287","modern Bacteria","PF12459"
"2288","modern Bacteria","PF12462"
"2289","modern Bacteria","PF12484"
"2290","modern Bacteria","PF12500"
"2291","modern Bacteria","PF12501"
"2292","modern Bacteria","PF12502"
"2293","modern Bacteria","PF12508"
"2294","modern Bacteria","CL0745"
"2295","modern Bacteria","PF12514"
"2296","modern Bacteria","PF12525"
"2297","modern Bacteria","PF12527"
"2298","modern Bacteria","PF12531"
"2299","modern Bacteria","PF12536"
"2300","modern Bacteria","PF12545"
"2301","modern Bacteria","PF12551"
"2302","modern Bacteria","PF12553"
"2303","modern Bacteria","PF12555"
"2304","modern Bacteria","PF12557"
"2305","modern Bacteria","PF12558"
"2306","modern Bacteria","PF12559"
"2307","modern Bacteria","PF12565"
"2308","modern Bacteria","PF12573"
"2309","modern Bacteria","PF12599"
"2310","modern Bacteria","PF12607"
"2311","modern Bacteria","PF12611"
"2312","modern Bacteria","PF12616"
"2313","modern Bacteria","PF12617"
"2314","modern Bacteria","PF12626"
"2315","modern Bacteria","PF12638"
"2316","modern Bacteria","PF12646"
"2317","modern Bacteria","PF12648"
"2318","modern Bacteria","PF12652"
"2319","modern Bacteria","PF12655"
"2320","modern Bacteria","PF12666"
"2321","modern Bacteria","PF12670"
"2322","modern Bacteria","CL0731"
"2323","modern Bacteria","PF12685"
"2324","modern Bacteria","PF12687"
"2325","modern Bacteria","PF12758"
"2326","modern Bacteria","PF12788"
"2327","modern Bacteria","PF12791"
"2328","modern Bacteria","PF12792"
"2329","modern Bacteria","PF12794"
"2330","modern Bacteria","PF12841"
"2331","modern Bacteria","PF12864"
"2332","modern Bacteria","PF12912"
"2333","modern Bacteria","PF12953"
"2334","modern Bacteria","PF12957"
"2335","modern Bacteria","PF12958"
"2336","modern Bacteria","PF12977"
"2337","modern Bacteria","PF12982"
"2338","modern Bacteria","PF12984"
"2339","modern Bacteria","PF12987"
"2340","modern Bacteria","PF12991"
"2341","modern Bacteria","PF13025"
"2342","modern Bacteria","PF13027"
"2343","modern Bacteria","PF13037"
"2344","modern Bacteria","PF13038"
"2345","modern Bacteria","PF13039"
"2346","modern Bacteria","PF13040"
"2347","modern Bacteria","PF13047"
"2348","modern Bacteria","PF13072"
"2349","modern Bacteria","PF13076"
"2350","modern Bacteria","PF13111"
"2351","modern Bacteria","PF13129"
"2352","modern Bacteria","PF13157"
"2353","modern Bacteria","PF13165"
"2354","modern Bacteria","PF13170"
"2355","modern Bacteria","PF13171"
"2356","modern Bacteria","PF13196"
"2357","modern Bacteria","CL0755"
"2358","modern Bacteria","CL0755"
"2359","modern Bacteria","PF13223"
"2360","modern Bacteria","PF13253"
"2361","modern Bacteria","PF13267"
"2362","modern Bacteria","PF13296"
"2363","modern Bacteria","PF13312"
"2364","modern Bacteria","PF13318"
"2365","modern Bacteria","PF13326"
"2366","modern Bacteria","PF13331"
"2367","modern Bacteria","PF13351"
"2368","modern Bacteria","PF13397"
"2369","modern Bacteria","PF13511"
"2370","modern Bacteria","PF13552"
"2371","modern Bacteria","PF13562"
"2372","modern Bacteria","PF13571"
"2373","modern Bacteria","PF13595"
"2374","modern Bacteria","PF13600"
"2375","modern Bacteria","PF13605"
"2376","modern Bacteria","PF13617"
"2377","modern Bacteria","PF13663"
"2378","modern Bacteria","PF13665"
"2379","modern Bacteria","PF13681"
"2380","modern Bacteria","PF13689"
"2381","modern Bacteria","PF13698"
"2382","modern Bacteria","PF13708"
"2383","modern Bacteria","PF13721"
"2384","modern Bacteria","PF13731"
"2385","modern Bacteria","PF13755"
"2386","modern Bacteria","PF13763"
"2387","modern Bacteria","PF13769"
"2388","modern Bacteria","PF13770"
"2389","modern Bacteria","PF13773"
"2390","modern Bacteria","PF13780"
"2391","modern Bacteria","PF13782"
"2392","modern Bacteria","PF13789"
"2393","modern Bacteria","PF13790"
"2394","modern Bacteria","PF13791"
"2395","modern Bacteria","PF13797"
"2396","modern Bacteria","PF13798"
"2397","modern Bacteria","PF13799"
"2398","modern Bacteria","PF13800"
"2399","modern Bacteria","PF13822"
"2400","modern Bacteria","PF13829"
"2401","modern Bacteria","PF13830"
"2402","modern Bacteria","PF13834"
"2403","modern Bacteria","PF13845"
"2404","modern Bacteria","PF13948"
"2405","modern Bacteria","PF13954"
"2406","modern Bacteria","PF13986"
"2407","modern Bacteria","PF13988"
"2408","modern Bacteria","PF13997"
"2409","modern Bacteria","PF14003"
"2410","modern Bacteria","PF14004"
"2411","modern Bacteria","PF14005"
"2412","modern Bacteria","PF14006"
"2413","modern Bacteria","PF14011"
"2414","modern Bacteria","PF14012"
"2415","modern Bacteria","PF14013"
"2416","modern Bacteria","PF14017"
"2417","modern Bacteria","PF14019"
"2418","modern Bacteria","PF14029"
"2419","modern Bacteria","PF14030"
"2420","modern Bacteria","PF14034"
"2421","modern Bacteria","PF14035"
"2422","modern Bacteria","PF14036"
"2423","modern Bacteria","PF14038"
"2424","modern Bacteria","PF14039"
"2425","modern Bacteria","PF14041"
"2426","modern Bacteria","PF14042"
"2427","modern Bacteria","PF14043"
"2428","modern Bacteria","PF14044"
"2429","modern Bacteria","PF14045"
"2430","modern Bacteria","PF14054"
"2431","modern Bacteria","PF14056"
"2432","modern Bacteria","PF14058"
"2433","modern Bacteria","PF14059"
"2434","modern Bacteria","PF14063"
"2435","modern Bacteria","PF14068"
"2436","modern Bacteria","PF14069"
"2437","modern Bacteria","PF14071"
"2438","modern Bacteria","PF14084"
"2439","modern Bacteria","PF14086"
"2440","modern Bacteria","PF14089"
"2441","modern Bacteria","PF14093"
"2442","modern Bacteria","PF14097"
"2443","modern Bacteria","PF14098"
"2444","modern Bacteria","PF14105"
"2445","modern Bacteria","PF14107"
"2446","modern Bacteria","PF14109"
"2447","modern Bacteria","CL0755"
"2448","modern Bacteria","PF14116"
"2449","modern Bacteria","PF14120"
"2450","modern Bacteria","PF14123"
"2451","modern Bacteria","PF14126"
"2452","modern Bacteria","PF14127"
"2453","modern Bacteria","PF14128"
"2454","modern Bacteria","PF14129"
"2455","modern Bacteria","PF14134"
"2456","modern Bacteria","PF14135"
"2457","modern Bacteria","CL0755"
"2458","modern Bacteria","CL0755"
"2459","modern Bacteria","PF14141"
"2460","modern Bacteria","PF14143"
"2461","modern Bacteria","PF14146"
"2462","modern Bacteria","PF14147"
"2463","modern Bacteria","PF14148"
"2464","modern Bacteria","PF14149"
"2465","modern Bacteria","CL0755"
"2466","modern Bacteria","CL0755"
"2467","modern Bacteria","PF14153"
"2468","modern Bacteria","PF14155"
"2469","modern Bacteria","PF14158"
"2470","modern Bacteria","PF14159"
"2471","modern Bacteria","PF14165"
"2472","modern Bacteria","PF14167"
"2473","modern Bacteria","PF14168"
"2474","modern Bacteria","PF14169"
"2475","modern Bacteria","PF14173"
"2476","modern Bacteria","PF14174"
"2477","modern Bacteria","PF14177"
"2478","modern Bacteria","PF14179"
"2479","modern Bacteria","PF14181"
"2480","modern Bacteria","PF14183"
"2481","modern Bacteria","PF14191"
"2482","modern Bacteria","PF14193"
"2483","modern Bacteria","PF14194"
"2484","modern Bacteria","PF14198"
"2485","modern Bacteria","PF14199"
"2486","modern Bacteria","PF14205"
"2487","modern Bacteria","PF14208"
"2488","modern Bacteria","PF14209"
"2489","modern Bacteria","PF14217"
"2490","modern Bacteria","PF14218"
"2491","modern Bacteria","PF14221"
"2492","modern Bacteria","PF14230"
"2493","modern Bacteria","PF14233"
"2494","modern Bacteria","PF14249"
"2495","modern Bacteria","PF14255"
"2496","modern Bacteria","PF14265"
"2497","modern Bacteria","PF14266"
"2498","modern Bacteria","PF14270"
"2499","modern Bacteria","PF14274"
"2500","modern Bacteria","PF14275"
"2501","modern Bacteria","PF14276"
"2502","modern Bacteria","PF14287"
"2503","modern Bacteria","PF14289"
"2504","modern Bacteria","PF14293"
"2505","modern Bacteria","CL0168"
"2506","modern Bacteria","PF14325"
"2507","modern Bacteria","PF14331"
"2508","modern Bacteria","PF14333"
"2509","modern Bacteria","PF14348"
"2510","modern Bacteria","PF14349"
"2511","modern Bacteria","PF14356"
"2512","modern Bacteria","PF14357"
"2513","modern Bacteria","PF14366"
"2514","modern Bacteria","PF14387"
"2515","modern Bacteria","PF14395"
"2516","modern Bacteria","PF14472"
"2517","modern Bacteria","PF14480"
"2518","modern Bacteria","PF14494"
"2519","modern Bacteria","PF14504"
"2520","modern Bacteria","PF14584"
"2521","modern Bacteria","PF14682"
"2522","modern Bacteria","PF14689"
"2523","modern Bacteria","PF14714"
"2524","modern Bacteria","PF14730"
"2525","modern Bacteria","PF14785"
"2526","modern Bacteria","PF14790"
"2527","modern Bacteria","PF14793"
"2528","modern Bacteria","PF14794"
"2529","modern Bacteria","PF14850"
"2530","modern Bacteria","PF14873"
"2531","modern Bacteria","PF14882"
"2532","modern Bacteria","PF14898"
"2533","modern Bacteria","PF14899"
"2534","modern Bacteria","PF14902"
"2535","modern Bacteria","PF15071"
"2536","modern Bacteria","PF15567"
"2537","modern Bacteria","PF15864"
"2538","modern Bacteria","PF15889"
"2539","modern Bacteria","PF15980"
"2540","modern Bacteria","PF15983"
"2541","modern Bacteria","PF16068"
"2542","modern Bacteria","PF16069"
"2543","modern Bacteria","PF16074"
"2544","modern Bacteria","CL0562"
"2545","modern Bacteria","CL0563"
"2546","modern Bacteria","CL0564"
"2547","modern Bacteria","PF16107"
"2548","modern Bacteria","PF16108"
"2549","modern Bacteria","PF16110"
"2550","modern Bacteria","PF16115"
"2551","modern Bacteria","PF16118"
"2552","modern Bacteria","PF16119"
"2553","modern Bacteria","PF16120"
"2554","modern Bacteria","PF16125"
"2555","modern Bacteria","PF16137"
"2556","modern Bacteria","PF16148"
"2557","modern Bacteria","PF16155"
"2558","modern Bacteria","PF16166"
"2559","modern Bacteria","PF16170"
"2560","modern Bacteria","PF16200"
"2561","modern Bacteria","PF16217"
"2562","modern Bacteria","PF16233"
"2563","modern Bacteria","PF16234"
"2564","modern Bacteria","PF16248"
"2565","modern Bacteria","PF16250"
"2566","modern Bacteria","PF16256"
"2567","modern Bacteria","PF16259"
"2568","modern Bacteria","PF16267"
"2569","modern Bacteria","PF16271"
"2570","modern Bacteria","PF16296"
"2571","modern Bacteria","PF16330"
"2572","modern Bacteria","PF16331"
"2573","modern Bacteria","PF16356"
"2574","modern Bacteria","PF16361"
"2575","modern Bacteria","PF16373"
"2576","modern Bacteria","PF16378"
"2577","modern Bacteria","PF16398"
"2578","modern Bacteria","PF16410"
"2579","modern Bacteria","PF16411"
"2580","modern Bacteria","PF16448"
"2581","modern Bacteria","PF16481"
"2582","modern Bacteria","PF16525"
"2583","modern Bacteria","PF16548"
"2584","modern Bacteria","CL0204"
"2585","modern Bacteria","PF16571"
"2586","modern Bacteria","PF16593"
"2587","modern Bacteria","PF16639"
"2588","modern Bacteria","PF16691"
"2589","modern Bacteria","PF16701"
"2590","modern Bacteria","PF16708"
"2591","modern Bacteria","PF16751"
"2592","modern Bacteria","CL0752"
"2593","modern Bacteria","PF16798"
"2594","modern Bacteria","PF16823"
"2595","modern Bacteria","PF16827"
"2596","modern Bacteria","PF16844"
"2597","modern Bacteria","PF16888"
"2598","modern Bacteria","PF16919"
"2599","modern Bacteria","PF16932"
"2600","modern Bacteria","PF16935"
"2601","modern Bacteria","PF16945"
"2602","modern Bacteria","CL0204"
"2603","modern Bacteria","PF16982"
"2604","modern Bacteria","PF16989"
"2605","modern Bacteria","PF16995"
"2606","modern Bacteria","PF17070"
"2607","modern Bacteria","CL0703"
"2608","modern Bacteria","PF17140"
"2609","modern Bacteria","PF17148"
"2610","modern Bacteria","PF17150"
"2611","modern Bacteria","PF17162"
"2612","modern Bacteria","PF17166"
"2613","modern Bacteria","PF17188"
"2614","modern Bacteria","PF17192"
"2615","modern Bacteria","PF17193"
"2616","modern Bacteria","PF17196"
"2617","modern Bacteria","PF17197"
"2618","modern Bacteria","CL0755"
"2619","modern Bacteria","PF17228"
"2620","modern Bacteria","PF17230"
"2621","modern Bacteria","PF17240"
"2622","modern Bacteria","PF17247"
"2623","modern Bacteria","PF17248"
"2624","modern Bacteria","PF17249"
"2625","modern Bacteria","PF17252"
"2626","modern Bacteria","PF17258"
"2627","modern Bacteria","PF17259"
"2628","modern Bacteria","PF17260"
"2629","modern Bacteria","PF17261"
"2630","modern Bacteria","PF17263"
"2631","modern Bacteria","PF17264"
"2632","modern Bacteria","PF17265"
"2633","modern Bacteria","PF17267"
"2634","modern Bacteria","PF17270"
"2635","modern Bacteria","PF17272"
"2636","modern Bacteria","PF17273"
"2637","modern Bacteria","PF17277"
"2638","modern Bacteria","CL0352"
"2639","modern Bacteria","PF17280"
"2640","modern Bacteria","PF17295"
"2641","modern Bacteria","PF17302"
"2642","modern Bacteria","PF17328"
"2643","modern Bacteria","PF17376"
"2644","modern Bacteria","PF17377"
"2645","modern Bacteria","PF17401"
"2646","modern Bacteria","PF17408"
"2647","modern Bacteria","PF17415"
"2648","modern Bacteria","PF17428"
"2649","modern Bacteria","PF17435"
"2650","modern Bacteria","PF17446"
"2651","modern Bacteria","PF17455"
"2652","modern Bacteria","PF17458"
"2653","modern Bacteria","PF17459"
"2654","modern Bacteria","PF17461"
"2655","modern Bacteria","PF17479"
"2656","modern Bacteria","PF17481"
"2657","modern Bacteria","PF17541"
"2658","modern Bacteria","PF17555"
"2659","modern Bacteria","PF17561"
"2660","modern Bacteria","PF17642"
"2661","modern Bacteria","PF17656"
"2662","modern Bacteria","PF17727"
"2663","modern Bacteria","PF17804"
"2664","modern Bacteria","PF17841"
"2665","modern Bacteria","PF17882"
"2666","modern Bacteria","PF17898"
"2667","modern Bacteria","PF17948"
"2668","modern Bacteria","PF17969"
"2669","modern Bacteria","PF17985"
"2670","modern Bacteria","CL0204"
"2671","modern Bacteria","PF18053"
"2672","modern Bacteria","CL0658"
"2673","modern Bacteria","PF18125"
"2674","modern Bacteria","PF18140"
"2675","modern Bacteria","PF18154"
"2676","modern Bacteria","PF18155"
"2677","modern Bacteria","PF18157"
"2678","modern Bacteria","PF18277"
"2679","modern Bacteria","PF18288"
"2680","modern Bacteria","PF18312"
"2681","modern Bacteria","PF18327"
"2682","modern Bacteria","PF18328"
"2683","modern Bacteria","PF18367"
"2684","modern Bacteria","PF18393"
"2685","modern Bacteria","PF18395"
"2686","modern Bacteria","PF18412"
"2687","modern Bacteria","PF18415"
"2688","modern Bacteria","PF18416"
"2689","modern Bacteria","PF18426"
"2690","modern Bacteria","PF18427"
"2691","modern Bacteria","PF18429"
"2692","modern Bacteria","PF18433"
"2693","modern Bacteria","CL0598"
"2694","modern Bacteria","PF18494"
"2695","modern Bacteria","PF18557"
"2696","modern Bacteria","PF18571"
"2697","modern Bacteria","CL0100"
"2698","modern Bacteria","PF18578"
"2699","modern Bacteria","PF18583"
"2700","modern Bacteria","PF18588"
"2701","modern Bacteria","PF18602"
"2702","modern Bacteria","PF18616"
"2703","modern Bacteria","PF18620"
"2704","modern Bacteria","PF18801"
"2705","modern Bacteria","PF18821"
"2706","modern Bacteria","PF18878"
"2707","modern Bacteria","PF18897"
"2708","modern Bacteria","PF18901"
"2709","modern Bacteria","PF18904"
"2710","modern Bacteria","PF18918"
"2711","modern Bacteria","PF18919"
"2712","modern Bacteria","PF18921"
"2713","modern Bacteria","PF18930"
"2714","modern Bacteria","PF18937"
"2715","modern Bacteria","PF18940"
"2716","modern Bacteria","PF18942"
"2717","modern Bacteria","PF18948"
"2718","modern Bacteria","PF18949"
"2719","modern Bacteria","PF18955"
"2720","modern Bacteria","PF18959"
"2721","modern Bacteria","PF18960"
"2722","modern Bacteria","PF18963"
"2723","modern Bacteria","PF18964"
"2724","modern Bacteria","PF18970"
"2725","modern Bacteria","PF18976"
"2726","modern Bacteria","PF18982"
"2727","modern Bacteria","PF18985"
"2728","modern Bacteria","PF18986"
"2729","modern Bacteria","PF19053"
"2730","modern Bacteria","PF19079"
"2731","modern Bacteria","CL0694"
"2732","modern Bacteria","PF19116"
"2733","modern Bacteria","CL0694"
"2734","modern Bacteria","PF19135"
"2735","modern Bacteria","PF19136"
"2736","modern Bacteria","PF19247"
"2737","modern Bacteria","PF19258"
"2738","modern Bacteria","PF19264"
"2739","modern Bacteria","PF19277"
"2740","modern Bacteria","PF19292"
"2741","modern Bacteria","PF19297"
"2742","modern Bacteria","PF19312"
"2743","modern Bacteria","PF19319"
"2744","modern Bacteria","PF19320"
"2745","modern Bacteria","PF19346"
"2746","modern Bacteria","PF19347"
"2747","modern Bacteria","PF19348"
"2748","modern Bacteria","PF19349"
"2749","modern Bacteria","PF19350"
"2750","modern Bacteria","PF19351"
"2751","modern Bacteria","PF19353"
"2752","modern Bacteria","PF19354"
"2753","modern Bacteria","PF19356"
"2754","modern Bacteria","PF19357"
"2755","modern Bacteria","PF19358"
"2756","modern Bacteria","PF19359"
"2757","modern Bacteria","PF19360"
"2758","modern Bacteria","PF19361"
"2759","modern Bacteria","PF19365"
"2760","modern Bacteria","PF19366"
"2761","modern Bacteria","PF19367"
"2762","modern Bacteria","PF19378"
"2763","modern Bacteria","PF19402"
"2764","modern Bacteria","PF19404"
"2765","modern Bacteria","PF19425"
"2766","modern Bacteria","PF19443"
"2767","modern Bacteria","PF19450"
"2768","modern Bacteria","PF19456"
"2769","modern Bacteria","PF19457"
"2770","modern Bacteria","PF19460"
"2771","modern Bacteria","PF19461"
"2772","modern Bacteria","PF19462"
"2773","modern Bacteria","PF19481"
"2774","modern Bacteria","PF19484"
"2775","modern Bacteria","PF19512"
"2776","modern Bacteria","PF19516"
"2777","modern Bacteria","PF19524"
"2778","modern Bacteria","PF19529"
"2779","modern Bacteria","PF19545"
"2780","modern Bacteria","PF19558"
"2781","modern Bacteria","PF19560"
"2782","modern Bacteria","PF19582"
"2783","modern Bacteria","PF19589"
"2784","modern Bacteria","PF19596"
"2785","modern Bacteria","PF19599"
"2786","modern Bacteria","PF19606"
"2787","modern Bacteria","PF19607"
"2788","modern Bacteria","PF19608"
"2789","modern Bacteria","PF19621"
"2790","modern Bacteria","PF19622"
"2791","modern Bacteria","PF19626"
"2792","modern Bacteria","PF19628"
"2793","modern Bacteria","PF19629"
"2794","modern Bacteria","PF19638"
"2795","modern Bacteria","PF19643"
"2796","modern Bacteria","PF19648"
"2797","modern Bacteria","PF19650"
"2798","modern Bacteria","PF19651"
"2799","modern Bacteria","PF19652"
"2800","modern Bacteria","PF19655"
"2801","modern Bacteria","PF19660"
"2802","modern Bacteria","PF19661"
"2803","modern Bacteria","PF19662"
"2804","modern Bacteria","PF19663"
"2805","modern Bacteria","PF19664"
"2806","modern Bacteria","PF19665"
"2807","modern Bacteria","PF19668"
"2808","modern Bacteria","PF19670"
"2809","modern Bacteria","PF19674"
"2810","modern Bacteria","PF19676"
"2811","modern Bacteria","PF19677"
"2812","modern Bacteria","PF19686"
"2813","modern Bacteria","PF19690"
"2814","modern Bacteria","PF19707"
"2815","modern Bacteria","PF19730"
"2816","modern Bacteria","PF19732"
"2817","modern Bacteria","PF19741"
"2818","modern Bacteria","PF19742"
"2819","modern Bacteria","PF19754"
"2820","modern Bacteria","PF19755"
"2821","modern Bacteria","PF19760"
"2822","modern Bacteria","PF19765"
"2823","modern Bacteria","CL0755"
"2824","modern Bacteria","PF19781"
"2825","modern Bacteria","PF19785"
"2826","modern Bacteria","PF19789"
"2827","modern Bacteria","PF19794"
"2828","modern Bacteria","PF19795"
"2829","modern Bacteria","PF19796"
"2830","modern Bacteria","PF19801"
"2831","modern Bacteria","PF19803"
"2832","modern Bacteria","PF19809"
"2833","modern Bacteria","PF19814"
"2834","modern Bacteria","PF19818"
"2835","modern Bacteria","PF19824"
"2836","modern Bacteria","PF19827"
"2837","modern Bacteria","PF19841"
"2838","modern Bacteria","PF19843"
"2839","modern Bacteria","PF19844"
"2840","modern Bacteria","PF19845"
"2841","modern Bacteria","PF19848"
"2842","modern Bacteria","PF19849"
"2843","modern Bacteria","PF19850"
"2844","modern Bacteria","PF19852"
"2845","modern Bacteria","PF19853"
"2846","modern Bacteria","PF19868"
"2847","modern Bacteria","PF19870"
"2848","modern Bacteria","PF19877"
"2849","modern Bacteria","PF19883"
"2850","modern Bacteria","PF19886"
"2851","modern Bacteria","PF19893"
"2852","modern Bacteria","PF19909"
"2853","modern Bacteria","PF19911"
"2854","modern Bacteria","PF19912"
"2855","modern Bacteria","PF19916"
"2856","modern Bacteria","PF19928"
"2857","modern Bacteria","PF19937"
"2858","modern Bacteria","PF19939"
"2859","modern Bacteria","PF19950"
"2860","modern Bacteria","PF19985"
"2861","modern Bacteria","PF19992"
"2862","modern Bacteria","PF20013"
"2863","modern Bacteria","PF20014"
"2864","modern Bacteria","PF20027"
"2865","modern Bacteria","PF20028"
"2866","modern Bacteria","PF20035"
"2867","modern Bacteria","PF20037"
"2868","modern Bacteria","PF20039"
"2869","modern Bacteria","PF20040"
"2870","modern Bacteria","PF20043"
"2871","modern Bacteria","PF20044"
"2872","modern Bacteria","PF20047"
"2873","modern Bacteria","PF20050"
"2874","modern Bacteria","PF20056"
"2875","modern Bacteria","PF20057"
"2876","modern Bacteria","PF20058"
"2877","modern Bacteria","PF20059"
"2878","modern Bacteria","PF20060"
"2879","modern Bacteria","PF20061"
"2880","modern Bacteria","PF20062"
"2881","modern Bacteria","PF20065"
"2882","modern Bacteria","PF20072"
"2883","modern Bacteria","PF20074"
"2884","modern Bacteria","PF20077"
"2885","modern Bacteria","PF20078"
"2886","modern Bacteria","PF20079"
"2887","modern Bacteria","PF20080"
"2888","modern Bacteria","PF20082"
"2889","modern Bacteria","PF20083"
"2890","modern Bacteria","PF20084"
"2891","modern Bacteria","PF20086"
"2892","modern Bacteria","PF20087"
"2893","modern Bacteria","PF20088"
"2894","modern Bacteria","PF20089"
"2895","modern Bacteria","PF20090"
"2896","modern Bacteria","PF20094"
"2897","modern Bacteria","PF20096"
"2898","modern Bacteria","PF20099"
"2899","modern Bacteria","PF20101"
"2900","modern Bacteria","PF20104"
"2901","modern Bacteria","PF20105"
"2902","modern Bacteria","PF20107"
"2903","modern Bacteria","PF20109"
"2904","modern Bacteria","PF20110"
"2905","modern Bacteria","PF20111"
"2906","modern Bacteria","PF20112"
"2907","modern Bacteria","PF20113"
"2908","modern Bacteria","PF20115"
"2909","modern Bacteria","PF20117"
"2910","modern Bacteria","PF20119"
"2911","modern Bacteria","PF20120"
"2912","modern Bacteria","PF20121"
"2913","modern Bacteria","PF20122"
"2914","modern Bacteria","PF20124"
"2915","modern Bacteria","PF20128"
"2916","modern Bacteria","PF20129"
"2917","modern Bacteria","PF20130"
"2918","modern Bacteria","PF20132"
"2919","modern Bacteria","PF20134"
"2920","modern Bacteria","PF20135"
"2921","modern Bacteria","PF20140"
"2922","modern Bacteria","PF20172"
"2923","modern Bacteria","PF20176"
"2924","modern Bacteria","PF20177"
"2925","modern Bacteria","PF20182"
"2926","modern Bacteria","PF20199"
"2927","modern Bacteria","PF20227"
"2928","modern Bacteria","PF20228"
"2929","modern Bacteria","PF20232"
"2930","modern Bacteria","PF20249"
"2931","modern Bacteria","PF20265"
"2932","modern Bacteria","PF20327"
"2933","modern Bacteria","PF20340"
"2934","modern Bacteria","PF20347"
"2935","modern Bacteria","PF20348"
"2936","modern Bacteria","PF20349"
"2937","modern Bacteria","PF20358"
"2938","modern Bacteria","PF20365"
"2939","modern Bacteria","PF20381"
"2940","modern Bacteria","PF20382"
"2941","modern Bacteria","PF20384"
"2942","modern Bacteria","PF20386"
"2943","modern Bacteria","PF20391"
"2944","modern Bacteria","PF20410"
"2945","modern Bacteria","PF20419"
"2946","modern Bacteria","PF20420"
"2947","modern Bacteria","PF20429"
"2948","modern Bacteria","PF20438"
"2949","modern Bacteria","PF20439"
"2950","modern Bacteria","PF20444"
"2951","modern Bacteria","PF20447"
"2952","modern Bacteria","PF20448"
"2953","modern Bacteria","PF20455"
"2954","modern Bacteria","PF20459"
"2955","modern Bacteria","PF20487"
"2956","modern Bacteria","PF20498"
"2957","modern Bacteria","PF20512"
"2958","modern Bacteria","PF20530"
"2959","modern Bacteria","PF20543"
"2960","modern Bacteria","PF20544"
"2961","modern Bacteria","PF20545"
"2962","modern Bacteria","PF20546"
"2963","modern Bacteria","PF20547"
"2964","modern Bacteria","PF20549"
"2965","modern Bacteria","PF20556"
"2966","modern Bacteria","PF20563"
"2967","modern Bacteria","PF20567"
"2968","modern Bacteria","PF20568"
"2969","modern Bacteria","PF20570"
"2970","modern Bacteria","PF20584"
"2971","modern Bacteria","PF20606"
"2972","modern Bacteria","PF20611"
"2973","modern Bacteria","PF20615"
